SEIC,EDMC,VVC,OFIX,NDSN,MTH,SIMG,MSTR,BRKR,NPBC,PFBC,SMA,LO,PHH,UCBI,DWA,CTIC,VC,LAD,TNAV,CHE,BTX,HBHC,PFG,SCS,TOWR,MRLN,SRDX,SMTC,MIND,HBNC,ANV,BHLB,UTIW,REXI,CALM,NHC,NWE,CR,MORN,RBCAA,QLGC,ALNY,MSO,VIAB,STRA,GFIG,CAG,DUK,HBAN,GLUU,CME,LVS,PRA,PPL,HPQ,TUP,BREW,IVC,JNJ,MLAB,PNRA,URI,EXH,ALKS,DBD,WDFC,PVH,CBM,SREV,MN,SBCF,SCSS,HON,ZMH,CECO,INSY,CLMS,EXC,HRG,MCO,ACET,C,FLIR,ATVI,RLI,RTK,ESC,GT,REN,PKOH,FOXA,MAT,EXPD,SHLM,CPSI,MSFT,PGC,GES,ARTNA,SRPT,MW,SON,CVGI,FAST,XEL,QDEL,YUM,INTU,P,GIII,DVAX,ATW,SPW,HST,GERN,AN,ATHN,ALOG,OXM,MD,BHE,CENTA,LORL,CEB,JKHY,STNG,CWST,ESE,AAP,TIVO,PCG,SSNC,EGOV,LNCE,Y,NICK,EVR,CLVS,ZNGA,FNF,UPIP,NYT,GXP,NDAQ,GSBC,FCSC,PRGS,WETF,MRVL,SQNM,OSK,AMG,BBG,ATRS,TWER,LF,KLAC,WMGI,ICON,AAON,IPXL,ACN,IPCM,HP,MTB,NFG,LMNX,CVI,BANF,TGTX,DNB,DHI,STLD
0.295,-1.676,0.189,-0.055,0.220,0.139,0.048,0.127,0.148,0.105,0.435,0.158,0.219,0.249,0.324,0.101,-0.301,0.247,0.467,-0.056,0.245,-0.166,0.013,0.268,0.313,0.281,0.200,0.141,0.029,-0.443,0.295,-1.212,0.084,-0.042,0.236,0.277,0.159,0.191,0.093,0.036,0.042,-0.045,0.809,-0.008,0.183,-0.062,0.131,0.140,0.129,0.233,0.057,0.255,0.135,0.103,0.125,0.161,0.073,0.249,0.024,0.186,0.220,0.084,0.421,0.408,0.407,0.081,0.269,0.198,0.359,-0.412,0.074,0.192,0.067,0.219,0.259,-0.050,0.617,0.056,0.005,0.424,0.350,0.396,0.218,0.092,0.180,0.172,0.011,-2.496,0.229,-0.713,0.416,0.296,0.074,0.040,0.232,0.092,0.213,0.196,-0.075,0.092,0.395,0.124,0.127,-0.110,0.050,0.130,0.206,0.093,0.199,0.182,0.470,-0.223,-0.124,0.120,0.183,0.266,0.176,0.357,0.132,0.093,0.210,0.200,0.030,0.270,0.219,0.218,0.196,-0.164,0.087,0.282,0.095,0.130,0.393,0.125,0.124,0.163,0.069,0.241,0.464,-0.424,0.348,-0.195,0.182,0.132,0.232,0.196,-0.452,0.104,0.322,0.030,-0.065,0.264,0.260,-0.383,0.057,-0.074,-0.067,0.234,0.165,0.243,0.310,0.146,0.199,-0.000,0.047,0.186,0.099,-0.043,0.343,0.189,0.884,0.177,0.232,0.142
0,0,0,0,0,0,0,0,0,0,0,0,0,0,0,0,0,0,0,0,0,0,0,0,0,0,0,0,0,0,0,0,0,0,0,0,0,0,0,0,0,0,0,0,0,0,0,0,0,0,0,0,0,0,0,0,0,0,0,0,0,0,0,0,0,0,0,0,0,0,0,0,0,0,0,0,0,0,0,0,0,0,0,0,0,0,0,0,0,0,0,0,0,0,0,0,0,0,0,0,0,0,0,0,0,0,0,0,0,0,0,0,0,0,0,0,0,0,0,0,0,0,0,0,0,0,0,0,0,0,0,0,0,0,0,0,0,0,0,0,0,0,0,0,0,0,0,0,0,0,0,0,0,0,0,0,0,0,0,0,0,0,0,0,0,0,0,0,0,0,0,0,0,0
1,1,1,1,1,1,1,1,1,1,1,1,1,1,1,1,1,1,1,1,1,1,1,1,1,1,1,1,1,1,1,1,1,1,1,1,1,1,1,1,1,1,1,1,1,1,1,1,1,1,1,1,1,1,1,1,1,1,1,1,1,1,1,1,1,1,1,1,1,1,1,1,1,1,1,1,1,1,1,1,1,1,1,1,1,1,1,1,1,1,1,1,1,1,1,1,1,1,1,1,1,1,1,1,1,1,1,1,1,1,1,1,1,1,1,1,1,1,1,1,1,1,1,1,1,1,1,1,1,1,1,1,1,1,1,1,1,1,1,1,1,1,1,1,1,1,1,1,1,1,1,1,1,1,1,1,1,1,1,1,1,1,1,1,1,1,1,1,1,1,1,1,1,1
0.0399374351,0.0413991626,0.0117693056,0.0177646166,0.0248186147,0.0241923867,0.0252901335,0.0232715298,0.0288359931,0.0222683033,0.0168373923,-0.0487589732,0.0086676817,0.0211898471,0.0252108841,0.019082342,0.0311356031,0.0239811314,0.031934497,0.0148563662,0.0154452824,0.0246845399,0.0229883411,0.0267625168,0.0287156715,0.0358823246,0.0251492665,0.0183978603,0.0286012826,0.0268767391,0.014057408,0.0019912262,0.0189277154,0.0235112841,0.0180485086,0.0134123654,0.0222866405,0.0098110276,0.0215604885,0.0120284265,0.0179536812,0.0227388038,0.0355610256,0.0177167415,0.0186846111,0.0183054987,0.0251930757,0.0107037456,0.0055261314,0.024215767,0.0313923454,0.017200552,0.0259670711,0.0115307773,0.0061184158,0.0191085224,0.0162419774,0.0242305905,0.0207967005,0.0112346212,0.0126123455,0.0159565261,0.0379686419,0.0274636761,0.026476269,0.0190208085,0.0143515465,0.020268336,0.0242267592,0.0237391703,0.0203469439,0.0260282236,0.0228109021,0.0212601533,0.0172485204,0.042647538,0.0158214618,0.0218049521,0.0053431817,0.023152119,0.0255955982,0.0237289536,0.0308637017,0.0228820823,0.01879897,0.0161062332,0.0270819033,0.0635173953,0.024914778,0.0307027729,0.0292046396,0.0198127472,0.0144813578,0.0177530473,0.0256634617,0.0173321828,0.0168838834,0.0178656617,0.0227104702,0.0121977657,0.0174923284,0.021961798,0.0169295583,0.0312838653,0.0203051789,0.0073852825,0.0177749009,0.0173394427,0.0186883309,0.0308626208,0.0217717291,0.0320872159,0.022976938,0.0248914829,0.024046561,0.0317847679,0.021101996,0.0288615459,0.0176297649,0.0206792725,0.0138426156,0.0277298687,0.020654484,0.0129974087,0.0275159154,0.0186113065,0.0275818882,0.021105336,0.0205451172,0.0167625728,0.0208938937,0.0073298169,0.0201742047,0.0181239193,0.0173858573,0.0127679554,0.0124820142,0.0344746466,0.0326290217,0.0141794892,0.0133910168,0.0212815389,0.0223990669,0.0099780356,0.0205068213,0.0212498955,-0.002879507,0.0239340509,0.0400102815,0.0240571373,0.0306849233,0.0356592987,0.0307896464,0.031029718,0.0219224268,0.0290727423,0.0144245302,0.0242655086,0.0137538485,0.0194181891,0.0268866084,0.0164916717,0.0191688252,0.017705315,0.0279305047,0.0172723388,0.0164107581,0.0189284356,0.0200030218,0.0180712691,0.0140137682,0.0159856351,0.0234464859,0.02597551
0.0413991626,0.9685025158,0.0225186502,0.0269651511,0.0351042797,0.0571844505,0.0344779066,0.0405470489,0.0495401485,0.0353922096,0.0270405667,-0.0778510845,0.0215236197,0.0273721611,0.0414337489,0.0281085837,0.0777026137,0.0498019457,0.0500674735,0.021053765,0.0212281888,0.068208552,0.0359322986,0.0402752853,0.055164312,0.07093296,0.0439604836,0.0428290476,0.0672984118,0.064894228,0.0286007645,0.0308528027,0.0298572388,0.0389421621,0.021207136,0.0268415356,0.0589870284,0.0235016701,0.0342128099,0.0176473581,0.0393508114,0.0517604421,0.0644684501,0.0377647734,0.0234229251,0.1019652324,0.0598123723,0.0157110693,0.0140772981,0.0262405127,0.0731909934,0.0185597308,0.0526161549,0.0237203165,0.008494025,0.0378997192,0.0357418427,0.0500797096,0.0306472435,0.0151084996,0.0388795706,0.0195068557,0.0766486658,0.0328420152,0.0447736369,0.0381897424,0.0380974825,0.0255044813,0.050422069,0.0765815675,0.0418455584,0.049630899,0.0580851961,0.0300743353,0.0253721373,0.1814237456,0.0411461692,0.0190882426,0.008458135,0.0572054914,0.0291444597,0.0429007914,0.0450286397,0.0198267105,0.042730652,0.0286117316,0.0465911472,0.0603388308,0.047527981,0.0673698922,0.0845676556,0.0282018664,0.026531767,0.0342152545,0.0661206809,0.0367470637,0.0242979989,0.0444212565,0.0512111209,0.0391559103,0.0373671243,0.0554860861,0.0279176992,0.076440232,0.0351439708,0.0149232523,0.0346790969,0.0313318446,0.0291433581,0.0936454282,0.0381015624,0.0531132248,0.0522559877,0.0463672122,0.0401041512,0.0617155932,0.0481342132,0.0638277277,0.0374051214,0.0405108144,0.0269946563,0.0545743409,0.0452680751,0.0301792839,0.056862196,0.0337375962,0.0514933273,0.0397339808,0.0391207651,0.0403294845,0.0512799049,0.0073974168,0.0412695167,0.062939445,0.0400524087,0.0104376991,0.0252970791,0.0446700013,0.1272446196,0.0323095361,0.0174787532,0.0563352094,0.0686955973,0.0201937431,0.0461674606,0.0459992462,0.0237824499,0.040619024,0.0715270265,0.025065816,0.0694179809,0.0569437646,0.0469078124,0.0375578396,0.0366607972,0.048571062,0.0128533223,0.0295886295,0.0227874581,0.0507772704,0.0804601291,0.0218781293,0.0311809785,0.0191293047,0.057860072,0.0200567247,0.0356026504,0.032868947,0.0445168986,0.0386396107,-0.0400669491,0.0339702276,0.0465771382,0.0304821558
0.0117693056,0.0225186502,0.0226706042,0.0111933301,0.0129820074,0.0146471657,0.005675932,0.0088475838,0.012629041,0.0106817529,0.0105309692,-0.0134178899,0.0067344209,0.0113967672,0.0113985397,0.0087681437,0.0204064222,0.0098990479,0.0159666861,0.0078675471,0.0090390177,0.0125071522,0.0109928191,0.0132122631,0.0148474306,0.0184161951,0.0123833792,0.0096360879,0.0126117702,0.0127031063,0.0090258022,0.0070347542,0.0099001099,0.0099310164,0.010005799,0.00910897,0.0111551018,0.0157507155,0.0116705565,0.0064358989,0.0102696925,0.0116736675,0.016754092,0.0101856389,0.0100752321,0.0127339804,0.0089364842,0.0066408135,0.0131623174,0.0111038136,0.0143724363,0.0054418694,0.0101352479,0.008230713,0.0141234975,0.0071919315,0.0114246223,0.0155356753,0.0112488755,0.0080825466,0.009762307,0.0069543808,0.0215565708,0.0115600633,0.0168238506,0.0089919895,0.0107901763,0.0089795039,0.0116253499,0.0121272259,0.0105798781,0.0138541348,0.008853949,0.0108449164,0.0096684895,0.0226024834,0.0070643059,0.0110634544,0.0144633444,0.0115873767,0.0142507272,0.0142577961,0.0139259652,0.0113951761,0.0093905819,0.0097503134,0.0130359633,0.0560108747,0.0131597757,0.0143547128,0.0159779821,0.009418681,0.0093590645,0.0076473814,0.0120857401,0.0102681957,0.0101267209,0.0091482031,0.0134026647,0.0103284637,0.0118036685,0.0086704097,0.0108383028,0.0161792437,0.0105123952,0.0155653584,0.0081548647,0.0087783931,0.0076125957,0.0118239079,0.0104547915,0.0118940412,0.0102537702,0.0134627503,0.0144731709,0.0189479003,0.0117121634,0.0166140701,0.0087280207,0.0099329501,0.0075367346,0.0114013895,0.0133110951,0.0070239502,0.0150376018,0.00933759,0.0106952687,0.0114258979,0.0131636416,0.0114787127,0.0106334252,0.0146742235,0.0105218163,0.0095564848,0.0127542916,0.0077778817,0.006771818,0.0155332667,0.014431982,0.0029030171,0.0081966895,0.016484215,0.0134248428,0.0168809528,0.0099442287,0.01322623,0.0053321594,0.00931588,0.0204567627,0.0098718322,0.0125817991,0.0164404046,0.0149266996,0.0171361696,0.0073694922,0.0118502303,0.011356724,0.0097773931,0.0075544497,0.0106302867,0.0134261707,0.007188841,0.009031935,0.0057308387,0.0133771264,0.0085135531,0.0171012264,0.0088917804,0.012204339,0.009435052,-0.000333227,0.0094255251,0.014772687,0.0126032366
0.0177646166,0.0269651511,0.0111933301,0.0870152996,0.019745215,0.0245033647,0.0214873705,0.021606959,0.022645184,0.0187267448,0.0147975294,-0.0812267938,0.0077081559,0.0108311261,0.026407444,0.017048824,0.0259990916,0.0157042938,0.0246008899,0.0186547749,0.0177093324,0.0365856795,0.0159115563,0.017377738,0.0205284427,0.0245262119,0.0253209416,0.0183601097,0.0227863718,0.0233553188,0.0124331659,0.0140751272,0.0172619161,0.0192897561,0.0144734305,0.0172728415,0.0237684784,0.0115246064,0.0161986405,0.0102573002,0.0205141354,0.0195965308,0.0319940814,0.0229618688,0.0122139613,0.0169216566,0.0196526047,0.0072593798,0.0043067271,0.0180802515,0.0310114864,0.0097496642,0.0159742262,0.0115468875,0.0062792515,0.0126355911,0.0120315393,0.0257859428,0.0254236524,0.0091815516,0.0099524733,0.0124188108,0.029357981,0.0291348129,0.0234169173,0.0186936435,0.0169995179,0.0136157117,0.0237853488,0.0274265868,0.0155075961,0.0217643444,0.0155744246,0.0138716474,0.017030729,0.0313141859,0.013953988,0.0207726816,0.0063156862,0.0215690887,0.0159167373,0.0211164952,0.018587604,0.0174526828,0.0129969688,0.0138724088,0.0226099889,0.0444778222,0.0171079672,0.0196976057,0.0314203169,0.0144088743,0.0127384839,0.015171767,0.0215779992,0.017038944,0.0130671429,0.0112940474,0.0187450822,0.0135688339,0.0140816066,0.0115771159,0.0119435867,0.0292785201,0.012291096,0.0068527052,0.016433044,0.0158230638,0.0127998733,0.0274206088,0.0169229991,0.0275559832,0.0164918332,0.0204572587,0.0179266001,0.0436180656,0.0163011744,0.0230884587,0.0186714754,0.0162002761,0.0105998673,0.0231436189,0.0259170893,0.0111325576,0.025056539,0.0135368191,0.0238474693,0.018147395,0.0174280712,0.0142723071,0.0188692405,0.0080550725,0.0224725646,0.0202654576,0.0162713406,0.0085625626,0.0098927708,0.0215165676,0.0368401038,0.0112508605,0.0111855506,0.0304126689,0.0244333053,0.0104788811,0.0141563796,0.0245324459,0.0036827199,0.020423349,0.0306265745,0.0116363145,0.0260941133,0.0192854465,0.0186744064,0.0237191206,0.0246160427,0.0229840101,0.0128678621,0.0150843,0.0146900528,0.0160977148,0.0236207178,0.0125516601,0.0103012197,0.0157490743,0.0214746518,0.0122369067,0.0131726136,0.0290521194,0.0170600545,0.0165160018,0.0158581172,0.0096311974,0.0203180416,0.0217816356
0.0248186147,0.0351042797,0.0129820074,0.019745215,0.0562020371,0.032888813,0.0214061149,0.0228089176,0.0318556123,0.0212678197,0.0176139691,0.0698744703,0.0115100692,0.0212645411,0.0241065745,0.0259558974,0.0338688261,0.027324908,0.0381077491,0.019472762,0.013096979,0.024449322,0.0233459976,0.0270971004,0.0315356384,0.0397036678,0.0244624812,0.015626135,0.0292486652,0.0316054221,0.0144308367,0.0156868574,0.0170992022,0.0265508813,0.0172100179,0.015420227,0.0221312151,0.0109038418,0.0273852548,0.0136927825,0.0203792101,0.0237586252,0.03629004,0.0179452028,0.0212071276,0.0150529255,0.012801068,0.0085832013,0.0063678032,0.0229241595,0.0281587432,0.0133978393,0.0268547934,0.0102814603,0.0075912562,0.019700552,0.0223252509,0.0234578631,0.0234975144,0.0104593723,0.0125717555,0.0169856552,0.0486072279,0.0310589056,0.0269956701,0.0235035826,0.0166636117,0.0230404522,0.0188130033,0.0277937785,0.020502785,0.0256105737,0.0319802788,0.0244338388,0.0176239755,0.0367021742,0.0120939578,0.0220535918,0.0074933324,0.0220108861,0.025001902,0.0237307979,0.0319777202,0.0229217875,0.0158144964,0.0160335513,0.0322900433,0.0992575412,0.0311021654,0.0409406039,0.0316808678,0.0221871301,0.0162474956,0.0210909618,0.0257049811,0.018600353,0.0172547968,0.0179881809,0.0313054813,0.0123849282,0.020861335,0.0256362335,0.0182569277,0.0338720221,0.0258520712,0.0091524152,0.0142108785,0.01934446,0.0172004212,0.0361199196,0.0270766977,0.0259008635,0.0246403433,0.0348235033,0.025668804,0.0343357833,0.0227108045,0.0272469083,0.0174347071,0.0259821319,0.0155474588,0.0282010977,0.0221884417,0.0156002219,0.0283850849,0.0193825303,0.0272252104,0.0184237423,0.0239656816,0.0203247034,0.0193388724,0.0082853965,0.023415315,0.0210498214,0.0194019373,0.0144174177,0.0110939943,0.0321961486,0.0344533689,0.0110504823,0.0138101998,0.0193097027,0.0245519148,0.0113864036,0.0187631568,0.0202503522,0.0031444834,0.0264456731,0.0401720724,0.0234153646,0.0297943888,0.0408977217,0.0310527271,0.0391263929,0.0190083102,0.0256025435,0.0226713983,0.0238486327,0.0141348462,0.0245965651,0.0297969829,0.013319339,0.0201504492,0.0164310444,0.0304717431,0.0166738445,0.0194217643,0.0196975431,0.0222690916,0.0176563986,0.0229270978,0.0168398604,0.0318661498,0.0310311644
0.0241923867,0.0571844505,0.0146471657,0.0245033647,0.032888813,0.1422961588,0.0293972468,0.0289206374,0.0302628506,0.0255807819,0.0231814248,-0.0391009303,0.0123987994,0.0333209483,0.0186042848,0.0177244872,0.0311860306,0.0283336512,0.0443629829,0.0231802447,0.0174797242,0.0448468045,0.0267711459,0.0301920221,0.0405371831,0.0531907105,0.0324487117,0.0236515972,0.029438351,0.036835959,0.0149279455,0.0405765392,0.0219354446,0.0233057802,0.0132201994,0.0198832847,0.0279276395,0.0162073626,0.027635507,0.0143720028,0.0223902721,0.0279102185,0.0512273462,0.0271157852,0.0238068927,0.0289750947,0.025342372,0.0134054065,0.009587703,0.0265710802,0.0509200338,0.014146233,0.0337882707,0.0142863542,0.0101376879,0.0149395874,0.0258104158,0.033325187,0.0226532805,0.0118698352,0.0144469188,0.0202947117,0.0625818601,0.0410410321,0.0393221885,0.0275425482,0.0199421019,0.0357663873,0.0364981134,0.0414629082,0.0221284375,0.0285344534,0.0433060825,0.0255240698,0.021482897,0.0526493151,-0.0156822838,0.0282960455,0.0105041141,0.0240957515,0.0339616745,0.0291718362,0.0332336462,0.0237294653,0.022666068,0.0171576187,0.0480116794,0.0817899572,0.033536948,0.0442872124,0.0376339925,0.0264161124,0.0146768481,0.0184890695,0.0319579835,0.0256699343,0.0188057575,0.0187906814,0.035048763,0.0183150455,0.0486838169,0.0360170393,0.0197150506,0.0434635633,0.0262671877,0.0118062166,0.0193225099,0.0267722606,0.020899675,0.0604623755,0.0289521782,0.0375621258,0.0230346963,0.0359543634,0.0345617209,0.074897052,0.0318430991,0.0305505201,0.0262138263,0.0338426996,0.0169055851,0.0386211914,0.0153382063,0.0200511043,0.0290338,0.0200265313,0.0356117798,0.0334929216,0.0260429123,0.0190690231,0.0303027624,0.0098318077,0.0301641118,0.0229757538,0.0249237034,0.0137627192,0.0188252816,0.0366428936,0.0449138726,0.0099714403,0.0217621077,0.0315335823,0.0448367273,0.0168932199,0.0237672237,0.0299222039,0.029825325,0.0315460089,0.0433400582,0.0287932156,0.0389618952,0.0513763435,0.036534331,0.048996414,0.0284870646,0.0336954172,0.0368446123,0.0245484015,0.0216903498,0.0257175353,0.038782205,0.0178041431,0.0223186595,0.0170613454,0.029941801,0.018115173,0.0251927626,0.0270309846,0.0324584814,0.0175701941,0.0178394375,0.0161917192,0.1033890814,0.0370634289
0.0252901335,0.0344779066,0.005675932,0.0214873705,0.0214061149,0.0293972468,0.2057973045,0.0199223202,0.0260770145,0.0271222106,0.02448388,-0.3933666696,0.0071909538,0.0174359381,0.0308353529,0.0209092318,0.0380691859,0.0319235542,0.0402232292,0.0243895927,0.0165308589,0.0477002306,0.0212090549,0.0216358033,0.0363908943,0.0360283857,0.0265026697,0.0247197173,0.0460299999,0.0350249324,0.0167960093,0.0033401135,0.027314618,0.0254987183,0.0214236368,0.0110951696,0.0237110604,0.0054890006,0.0202210837,0.0125649188,0.017723299,0.0317501364,0.0364188986,0.0301941223,0.0163606759,0.0214201116,0.0282311075,0.010213488,-0.0006163526,0.0300941967,0.0470194633,0.0127141411,0.0255768068,0.0118130798,0.0009287914,0.0226990824,0.0155136148,0.020215586,0.0356336297,0.0056222282,0.0201591299,0.0136074554,0.04521238,0.0374657526,0.0202768765,0.0198991192,0.0128495061,0.0147053063,0.0206580298,0.0088532543,0.0164454764,0.0317108112,0.0245757873,0.01923503,0.0179610915,0.029560981,0.0229328812,0.0296386098,-0.001481124,0.0208681154,0.0249828935,0.0319873926,0.0320485408,0.0264458799,0.0212929718,0.0149166511,0.0277975547,-0.044655262,0.0321941036,0.0296106205,0.0349744641,0.0162790714,0.0130983404,0.0206808138,0.0248025415,0.0163007353,0.0143877662,0.0126352526,0.0274921204,0.0108581241,0.037130205,0.0312706603,0.0156490311,0.0371882955,0.0188926037,0.0019906511,0.022954963,0.0129357177,0.0161308095,0.0316039047,0.0223671095,0.0250934073,0.0256423332,0.0261566335,0.0263834501,0.0385602221,0.0200889451,0.0297513175,0.0254799753,0.0209557286,0.0128008238,0.0315403381,0.0169337882,0.0174228594,0.0259314175,0.0170644281,0.0359950433,0.0187538599,0.0187223435,0.0133702376,0.0282567156,-0.0002359938,0.0209414187,0.0261689966,0.0212288484,0.0079938274,0.0162590674,0.0331110423,0.0282904271,0.0324533153,0.0137150259,0.0263585658,0.0396515602,0.0066757156,0.017147387,0.0303110473,-0.0055944568,0.0316905601,0.0476548979,0.036777936,0.0212772514,0.0317633288,0.028030999,0.0536670956,0.0174435657,0.0383628935,0.0185485041,0.0305110259,0.015825375,0.017177083,0.0361320188,0.0215205131,0.0142570919,0.020665749,0.0366119542,0.019294195,0.019792811,0.0239894705,0.0294179251,0.0214515806,-0.0090746159,0.011530668,0.0195301517,0.0394508543
0.0232715298,0.0405470489,0.0088475838,0.021606959,0.0228089176,0.0289206374,0.0199223202,0.1295334528,0.0332929277,0.0185336733,0.0238667101,0.0586407361,0.0117376085,0.0175576452,0.0269658647,0.0192880659,0.0382515159,0.0215686891,0.0328305478,0.0193234179,0.017551065,0.0316977361,0.0197917835,0.0232431217,0.0315787269,0.044601087,0.0238566707,0.0245711316,0.0297587475,0.032178955,0.0154808735,0.0194803426,0.0190427259,0.0245079785,0.0227350235,0.019522275,0.0243206985,0.0086485414,0.0232709561,0.0081039952,0.0176146185,0.0298407013,0.0390442453,0.0238612855,0.0215680741,0.0288922102,0.0317951257,0.0077701805,0.0040665117,0.0162300876,0.0462809212,0.0180966755,0.0286545064,0.0121537523,0.0034061483,0.0233927672,0.0223355829,0.0309973738,0.0237942201,0.0101892002,0.0174703276,0.0132823301,0.035191244,0.0301030317,0.0288112624,0.0238191364,0.0187714076,0.0102890109,0.0326620534,0.0366242883,0.0150932671,0.0218393035,0.0237733394,0.0182291736,0.0251754097,0.0401525358,0.0264707209,0.0274255966,0.0011055456,0.0203982841,0.0224097675,0.0226212153,0.0272288741,0.0268471789,0.0109722862,0.0191665091,0.0311163161,0.1588507038,0.0299686482,0.0405981867,0.0312736925,0.0178476333,0.0132515446,0.0173805125,0.0255816058,0.0235150258,0.0164935943,0.0173795479,0.0243979632,0.0143611827,0.0255778741,0.0128052849,0.0154644706,0.041258695,0.0164397332,0.0050217044,0.0175938307,0.0172604342,0.0222739579,0.0437061181,0.0285974546,0.0402948847,0.0224658572,0.0254400415,0.0240618692,0.0507876152,0.0208133136,0.0292715079,0.0240989383,0.0236203297,0.0153041106,0.0257955554,0.0186011929,0.0074708976,0.0263257318,0.0168547927,0.0281171747,0.0155050817,0.0219332812,0.0151170184,0.025362115,0.004622168,0.0265687591,0.0258218474,0.0198519476,0.0105792946,0.0148365159,0.0334452877,0.0466456876,0.0249191959,0.0108345622,0.0255251772,0.0230430882,0.0078156126,0.0205097618,0.0224521408,0.0276476758,0.0327579219,0.0304894305,0.0188237537,0.0395762848,0.0332160776,0.0264133304,0.0360866104,0.0257167435,0.0276897395,0.0215511651,0.0295849497,0.0225938291,0.0259091724,0.0341050875,0.0188912148,0.0196189865,0.02169408,0.0255569785,0.0144877592,0.0182304288,0.0295970019,0.0262323075,0.0167011795,0.0057057466,0.014993674,0.0316482999,0.0254278797
0.0288359931,0.0495401485,0.012629041,0.022645184,0.0318556123,0.0302628506,0.0260770145,0.0332929277,0.1024930914,0.0237089474,0.0214025048,0.1506483379,0.0145804103,0.0181132276,0.028261674,0.025050698,0.0398813815,0.0334278369,0.0392326519,0.0255593315,0.0231363618,0.0351707484,0.0258818569,0.0293519002,0.0306992356,0.0486566782,0.0269621,0.0289431434,0.0339001156,0.0352179351,0.012343152,0.0078080126,0.0186485836,0.0318313716,0.0190184773,0.0188522877,0.0297306522,0.0115273597,0.0254638771,0.0124426154,0.0216049805,0.0307683059,0.0434407829,0.0192255819,0.0240966452,0.0254213007,0.0248087504,0.0085223959,0.0049419571,0.0231624095,0.0421185874,0.0168790415,0.0305830967,0.0120164243,0.0059072037,0.0197106229,0.0264035047,0.0226020847,0.0316508304,0.0123301482,0.0192696779,0.0187987909,0.0516750857,0.0336876925,0.039566162,0.0254503344,0.0175486446,0.0235712389,0.031752559,0.0283492365,0.0229538088,0.0274374844,0.0282831032,0.0241204744,0.0264244402,0.0466200459,0.0180912021,0.0256442513,0.0057972457,0.0273333268,0.0251777459,0.0313612755,0.0300282061,0.0272022021,0.021393192,0.0179642962,0.0397998523,0.1384517548,0.0326497105,0.0333616065,0.0339833238,0.0244523573,0.0166572729,0.0209462074,0.0276580435,0.0271481109,0.0173824306,0.0223445771,0.0264479273,0.0085975884,-0.0117714106,0.0261036491,0.0192369184,0.0404936597,0.0260901541,0.0075494878,0.0262920732,0.0208551607,0.0215035481,0.0338887044,0.0251272727,0.0367998311,0.0264878402,0.0320528943,0.0285919798,0.0419479117,0.0256825979,0.0381359078,0.0239824248,0.0270885617,0.0203730404,0.0325474861,0.0198310117,0.0151740656,0.0316805107,0.0217781471,0.0361203147,0.0191282761,0.0269975545,0.0263242287,0.0239888617,0.0070990151,0.022450839,0.0250168627,0.0215975497,0.0157965394,0.0165685223,0.0355745258,0.0427624005,0.0159330986,0.0181951547,0.0189488505,0.0273723205,0.011547148,0.0188936337,0.0229584501,-0.0067641328,0.0271618694,0.0368744894,0.0258937567,0.0405949873,0.0411083028,0.0353807341,0.0246966983,0.0349866438,0.0374913971,0.021751217,0.0278831984,0.0254850487,0.021391689,0.0361534408,0.0167247255,0.024159261,0.0242007327,0.0332086135,0.0186849809,0.0208629346,0.0307710139,0.0253770656,0.0188419091,0.012600567,0.0200548283,0.0320631207,0.0280204705
0.0222683033,0.0353922096,0.0106817529,0.0187267448,0.0212678197,0.0255807819,0.0271222106,0.0185336733,0.0237089474,0.0432332526,0.0213775846,-0.1128104085,0.0081787647,0.0218641475,0.0359773227,0.016705668,0.0306908111,0.0192988485,0.026642999,0.0200943007,0.0150615795,0.0331267944,0.0311676596,0.0252051253,0.0257780994,0.0382221111,0.0275805752,0.0199277103,0.027393217,0.0342580041,0.0149405654,0.0098558716,0.0270578283,0.0219828943,0.0198055933,0.01541563,0.0265911977,0.0105661729,0.0206808817,0.0123138765,0.0246083282,0.0222708096,0.0298743971,0.0260690104,0.0137537627,0.0236804077,0.031646535,0.008036422,0.0034555782,0.0305698258,0.0253349943,0.0136295346,0.0216896958,0.0126355877,0.004336918,0.0151485728,0.0158954972,0.0239946767,0.0214196179,0.0086488181,0.0134445586,0.0117508778,0.0351667076,0.028083251,0.0213559269,0.0204614357,0.0200734894,0.0162814655,0.0250422754,0.0268362869,0.0207011293,0.0287342743,0.0191381177,0.0171695779,0.0143253832,0.0403160596,0.0129811796,0.0275495087,0.0047375152,0.0219611001,0.0212667369,0.0300064562,0.0299321153,0.0176081547,0.0143493165,0.0177413382,0.0272215109,0.0620888057,0.0224443887,0.0328071647,0.0309949377,0.0184325832,0.0133157048,0.0136326252,0.0265184911,0.0176113667,0.0115346005,0.0209072708,0.0225405112,0.0145891535,0.0120275968,0.0213863261,0.0148498483,0.0362156433,0.0167990192,0.0063323543,0.020282862,0.0160774493,0.0133500924,0.0253811345,0.0215837783,0.0287246279,0.0187686857,0.0268188223,0.0225767597,0.0420260656,0.0168911572,0.0243636889,0.0204640853,0.022134606,0.0131158663,0.0254064247,0.0206498139,0.012891251,0.0261253942,0.0156674401,0.0289494627,0.0243667325,0.0216030077,0.0138161083,0.0193147748,0.0058408669,0.0224664092,0.0233976609,0.0203712412,0.0113639393,0.0150354762,0.0288772259,0.0308482915,0.0112224828,0.0111043749,0.0216169696,0.0261717302,0.009590361,0.0174212798,0.0297081263,-0.0073114891,0.0219069705,0.0361454401,0.0178093201,0.0358087202,0.0297389227,0.0266369579,0.0304756536,0.0210501858,0.0313298358,0.0175870667,0.0169458466,0.0174512114,0.0188576672,0.0329228186,0.0170622128,0.0150457895,0.0180603825,0.0213717589,0.0209633282,0.0166489213,0.0221199845,0.0205463089,0.0256656642,-0.0090830929,0.0150390774,0.0214825954,0.0248505584
0.0168373923,0.0270405667,0.0105309692,0.0147975294,0.0176139691,0.0231814248,0.02448388,0.0238667101,0.0214025048,0.0213775846,0.0841130942,0.0693799365,0.0088434062,0.0202909364,0.0242784675,0.0104116814,0.0245842479,0.0206454046,0.0241484611,0.0163780768,0.0130408302,0.0310506391,0.0198478864,0.0177294434,0.0230251774,0.0303567159,0.0267112319,0.0239676879,0.0277818603,0.0229713932,0.02043231,0.0112204151,0.0196951331,0.0171082852,0.0238754863,0.0162090283,0.0271863295,0.0107327334,0.0184713638,0.0114010493,0.0172219861,0.0230710754,0.0256560033,0.0180625914,0.0135507061,0.024827882,0.0186854829,0.006544289,0.0064039833,0.0173257075,0.0247053884,0.0131915566,0.0197516135,0.0102030042,0.0043587751,0.0144311279,0.0146760814,0.0301341544,0.0271131782,0.0083162331,0.0190279053,0.0107322647,0.036165122,0.0197670992,0.0190790333,0.015704776,0.0197601202,0.0118451643,0.0176429788,0.035395733,0.0180144425,0.0240981453,0.0165045876,0.0150387051,0.0111150729,0.0347040072,0.0011402656,0.0260360896,0.0050635301,0.0207109074,0.0201000595,0.0241160509,0.021705538,0.0195244488,0.014749365,0.0153789627,0.0258867657,0.0466248607,0.0211431423,0.0286113428,0.02433657,0.0166838244,0.0113794449,0.0139880367,0.0263481468,0.0209239642,0.012964775,0.0237259249,0.0171752766,0.0124726432,-0.0064939423,0.0194703091,0.0112823149,0.0265331937,0.0131230088,0.0059762803,0.0228660681,0.0130960788,0.0143191593,0.0280819729,0.0148614458,0.0272928787,0.0131025464,0.0196920993,0.018143551,0.0489253373,0.0179986723,0.0228543504,0.0199036088,0.0218253345,0.0105556934,0.0254500509,0.0175918939,0.0080217901,0.0253140023,0.0127439957,0.024649899,0.0183265773,0.0205965669,0.0116942784,0.0166841665,0.0051821825,0.0210906184,0.0230880024,0.0198453273,0.0090597244,0.0127371369,0.0268656731,0.0259897053,0.0088419094,0.0116018793,0.029007176,0.027326121,0.0090092153,0.0128812725,0.0265675974,0.0220432318,0.0226445862,0.0339915225,0.0134185167,0.0298227019,0.0277841158,0.0219083727,0.0223388348,0.0142641193,0.0274334353,0.0179470454,0.0202173589,0.0202368079,0.0195053588,0.0273887588,0.013556752,0.0133866571,0.0195851257,0.015483034,0.0131788381,0.0106071201,0.0191740099,0.0192952528,0.0196692252,0.0148224948,0.0135148304,0.0189072729,0.0160976236
-0.0487589732,-0.0778510845,-0.0134178899,-0.0812267938,0.0698744703,-0.0391009303,-0.3933666696,0.0586407361,0.1506483379,-0.1128104085,0.0693799365,165.96056794,0.0228594575,-0.0031562266,-0.0174245681,-0.0427438076,-0.9539194434,-0.1126260648,0.2621035515,0.2405743517,-0.0016123229,-0.0276207935,0.1214590167,-0.1178184393,0.109676342,0.0523020318,0.203847391,0.0941112175,-0.0336612393,-0.0122002067,-0.0535985641,0.0858867463,0.0205775146,0.0874856259,0.1015790891,0.263549896,-0.0248542311,-0.0320244883,0.0736835266,-0.0693743168,0.2703145685,0.0785411364,-0.2246133866,0.0660426996,0.2178629081,0.0165651603,-0.2184485816,-0.0149151867,0.0136473511,0.0558862558,-0.3626086118,-0.0516041441,-0.179573891,0.136632339,-0.0244826881,0.0351691323,-0.0260343119,0.1335673589,-0.132990156,0.0129009376,-0.0492277437,0.0772215496,0.0049094508,-0.1749123187,0.1878637646,-0.025262082,-0.0024780104,0.1056603705,-0.157001549,0.0438667465,0.1511940561,-0.4499992508,0.0569277034,0.061577353,-0.0215680646,-0.4693537127,-0.9666464648,0.0165292588,-0.0568299313,0.0473596773,-0.017999233,-0.0980463122,0.0217270241,0.0532462374,-0.0201884745,0.0384251513,0.1380787059,0.0198607544,-0.0986671515,-0.0797901972,-0.073698429,0.0064612179,-0.005583254,0.0881022119,-0.0199515136,0.0002701331,0.0167334694,0.2844269969,0.1436538829,-0.064774407,0.2396720916,0.1489489054,-0.0611630799,0.0084718837,-0.0115344251,-0.0295281093,-0.1040565539,0.0891195518,-0.0418650327,0.1178538774,0.1000217866,-0.3331567743,0.0858123363,0.0727628393,0.0042058382,-0.2522870884,-0.1337240484,0.1966147383,0.040513928,0.0553072981,0.1409983641,-0.1607083045,0.1666481296,-0.0147492388,-0.0063728422,0.0555331013,-0.1050878452,-0.0707771845,-0.0259561187,0.1386855127,0.0752382854,-0.0474168807,-0.0838801215,0.055311104,-0.0615325568,0.0034512022,-0.0125110489,-0.0149988998,-0.0767117397,-0.2496052751,0.0917143248,0.2325326447,-0.2305416705,-0.0103807235,-0.1287598063,-0.0073976635,3.3969411077,0.1904915865,-0.2113960037,-0.1421508577,0.1888140016,0.1993199303,0.035567625,-0.038322825,0.232522392,-0.3121284533,-0.1980288749,0.0328657527,0.1431319321,-0.1028390757,-0.0553077935,0.0412973075,0.0140948451,0.0604264812,-0.1410570255,0.0829682372,-0.2075073855,-0.1056336749,0.0324275426,0.0363092167,-0.4026779493,-0.163200674,0.0526456275,-0.0216400497
0.0086676817,0.0215236197,0.0067344209,0.0077081559,0.0115100692,0.0123987994,0.0071909538,0.0117376085,0.0145804103,0.0081787647,0.0088434062,0.0228594575,0.0520964409,0.0091009105,0.0079189567,0.0083953734,0.0064947345,0.0076241182,0.0130502041,0.0081075578,0.0073704019,0.0176068508,0.0085577925,0.0103173639,0.0116620851,0.0184677895,0.0105205605,0.008520645,0.0097386746,0.0116872733,0.0057668577,0.0078716891,0.0062921504,0.0101420864,0.0087404994,0.0098790243,0.0107510698,0.007153749,0.0102187866,0.0046244303,0.0063815017,0.0090278016,0.0146342133,0.0056766423,0.0094864473,0.0152048487,0.0117816364,0.0061429599,0.0037490961,0.010254801,0.0169551764,0.0059096658,0.0114935477,0.0050642299,0.0050464902,0.0051411355,0.009540813,0.014405371,0.0080081149,0.0072268213,0.0065654534,0.0002821949,0.0171935423,0.0089072438,0.0115570386,0.0053568963,0.0093414061,0.0115284773,0.0096954112,0.010124085,0.0105377931,0.0091172084,0.009254995,0.009673617,0.0067630843,0.0163731721,0.0115080761,0.0123657306,0.0040413364,0.0119620369,0.0088242299,0.0077957677,0.0065490245,0.0081675962,0.009294462,0.009847057,0.0205338847,0.0433682976,0.0107131592,0.0147311342,0.0120057355,0.0067822302,0.0104577876,0.0073525944,0.0093446333,0.0063314109,0.0090805536,0.0097919407,0.0084546528,0.0055524862,0.0108545981,0.0066163554,0.0084317346,0.012069627,0.0076886973,0.0058343378,0.0072179682,0.0090259845,0.0089356931,0.0025774608,0.0088333503,0.0152549635,0.0088399149,0.0106282243,0.0102424329,0.0234769615,0.0099847841,0.0109540961,0.0072518735,0.0092724558,0.005967958,0.0076300597,0.0094784245,0.0053265534,0.0124798508,0.0082723747,0.0114813949,0.0097338262,0.010224261,0.0113698345,0.0095407422,0.0045559872,0.0111364692,0.011885164,0.0097570774,0.0068811973,0.0038468598,0.014236052,0.0183616144,0.0111225844,0.0052970075,0.0097448829,0.007533807,0.0059793322,0.0076517014,0.0089718036,0.000097296,0.0084498276,0.0180235644,0.0048669172,0.0158818281,0.0087346656,0.0123886513,0.0153262811,0.0066326354,0.0073650355,0.0125944623,0.0071804126,0.005365529,0.0111952333,0.0122249439,0.0064512067,0.0084220969,0.0041020912,0.0103434246,0.0061572979,0.0077930802,0.0136214456,0.0083001494,0.0061694983,-0.0018135295,0.0081498678,0.0101471751,0.0073809063
0.0211898471,0.0273721611,0.0113967672,0.0108311261,0.0212645411,0.0333209483,0.0174359381,0.0175576452,0.0181132276,0.0218641475,0.0202909364,-0.0031562266,0.0091009105,0.1009402001,0.026847926,0.0174509251,0.0388367666,0.0184153937,0.036746952,0.0142458904,0.0138842421,0.0304676149,0.0214349436,0.0203232484,0.0295719354,0.034352692,0.0253726738,0.0153159189,0.023477411,0.0243953745,0.0164352518,0.0146371275,0.0188396037,0.0152463619,0.0208813068,0.0135398346,0.0227605402,0.0091910792,0.0210025127,0.0091218795,0.0204446813,0.0204961927,0.0290863671,0.0130758745,0.0184471217,0.0121146587,0.0187182102,0.0080262469,0.0061511854,0.026733301,0.0439724479,0.0195215853,0.0260777662,0.0082997438,0.0062689847,0.0081278674,0.0206216191,0.0239729237,0.0220484098,0.0076595284,0.0170713246,0.0173410083,0.0432063883,0.0267677866,0.0203129415,0.020319746,0.0131184809,0.0214184379,0.0248017353,0.0248287648,0.0235835245,0.0220404843,0.0218726665,0.0176095798,0.0112780902,0.0402571576,0.004404881,0.0236063167,0.0040453445,0.0184323843,0.0234986163,0.0198000407,0.0295079753,0.0190127281,0.0150997152,0.0138330531,0.0302570274,0.0938389786,0.0291904566,0.0296057171,0.0266846917,0.0184214491,0.0141794639,0.0102140621,0.023254814,0.0179182163,0.0156539528,0.017742843,0.0220908541,0.0161707704,0.0419582173,0.0199913885,0.0142225785,0.0314658141,0.0157535593,0.0059130722,0.0195499959,0.0173230877,0.0135908497,0.0361400316,0.0222189931,0.0214997145,0.019075745,0.0300002662,0.0237707646,0.0374518103,0.0207878428,0.027282405,0.0201325313,0.0252152627,0.014119432,0.0250951781,0.0207902018,0.0132988908,0.0270631165,0.0153145606,0.0275832543,0.0176227354,0.0179062294,0.0136830985,0.0190198779,0.0081786821,0.0197785624,0.0196908122,0.0156052783,0.009888153,0.0149173156,0.0266458615,0.0477337277,0.0218715732,0.0150423986,0.0255882164,0.0298294142,0.0081448497,0.0159689727,0.0223888954,0.0007617818,0.0193277899,0.0263324226,0.023320321,0.04341203,0.0317809991,0.026379585,0.0328411751,0.0215669779,0.0273000428,0.031505827,0.0191128338,0.0142784553,0.0226582571,0.0242904099,0.0186745787,0.0172108383,0.0185086555,0.0242746733,0.0171450231,0.0162312041,0.0214741973,0.0190907684,0.0202705167,0.0085594615,0.0135203106,0.0356058751,0.0248068421
0.0252108841,0.0414337489,0.0113985397,0.026407444,0.0241065745,0.0186042848,0.0308353529,0.0269658647,0.028261674,0.0359773227,0.0242784675,-0.0174245681,0.0079189567,0.026847926,0.0989225146,0.0245654138,0.0393000903,0.0256235316,0.0418017921,0.0278972414,0.0131026302,0.0426796941,0.0351970197,0.0300471154,0.0336653713,0.0441339613,0.034818245,0.0251232672,0.0312630849,0.0367965372,0.0164352386,0.0117402033,0.033781842,0.0291055012,0.0217898776,0.0173378164,0.0331105563,0.0109193664,0.0234195234,0.0138049166,0.0314192719,0.0187725793,0.0433376888,0.0294997328,0.018387697,0.029300705,0.0314558739,0.008203644,0.0010964553,0.0335447546,0.0463089489,0.0192017329,0.0268517421,0.0144374996,0.00415886,0.0210590508,0.0191129687,0.0265052184,0.0337952094,0.0098338417,0.0163898911,0.0164662739,0.0428226728,0.036002488,0.0295941953,0.0237429275,0.0206233909,0.0146622839,0.0289576007,0.0325665994,0.0247759078,0.0360851126,0.0263646424,0.0222517729,0.0208415259,0.0538900437,0.0362646219,0.0330566021,0.0055728893,0.0224552072,0.0179388911,0.0325730411,0.0390627796,0.0195815535,0.0154613359,0.0220686421,0.0305963261,0.0882482382,0.0341351358,0.0380594515,0.0403876561,0.0185270514,0.0166947847,0.0169537012,0.0337603485,0.0250956891,0.0143222521,0.0243618997,0.0239437445,0.0160265278,0.0316769852,0.0279688314,0.0156576678,0.0461134691,0.0211075261,0.0055290714,0.0227283091,0.018820845,0.0152897558,0.0415901881,0.0263798003,0.0395096607,0.0186028306,0.0298407381,0.0248117887,0.0303313132,0.0231812531,0.026224179,0.0187612943,0.0292644016,0.0147650209,0.0296913994,0.0266131162,0.0148515671,0.0371048587,0.0194412552,0.0361451305,0.0289068322,0.0274752184,0.0204595439,0.0234286719,0.0067571701,0.0258454472,0.0260713477,0.024274976,0.0128465279,0.0199494234,0.0362143459,0.0475168544,0.0493126327,0.012696874,0.0228947861,0.0222183776,0.0072734364,0.0196957439,0.0389281138,0.0065603219,0.0249426778,0.0434533326,0.0184914672,0.0525367225,0.0278977502,0.0296017844,0.0314944653,0.0297031459,0.0375518102,0.0192183779,0.022151224,0.022385454,0.0262181441,0.0394306618,0.024773581,0.017465078,0.018789654,0.0222666364,0.0238228309,0.0191203054,0.0278909614,0.0238237333,0.0312999874,0.0010623452,0.0205272324,0.0195045732,0.0271219776
0.019082342,0.0281085837,0.0087681437,0.017048824,0.0259558974,0.0177244872,0.0209092318,0.0192880659,0.025050698,0.016705668,0.0104116814,-0.0427438076,0.0083953734,0.0174509251,0.0245654138,0.1764644466,0.0280295345,0.0252692208,0.0217554495,0.0188630363,0.01827518,0.0230419591,0.0206327398,0.0232268875,0.0266599707,0.0394241714,0.0221024773,0.0159064856,0.025633188,0.0300687441,0.0081138918,-0.0052754252,0.0131915948,0.0384478397,0.0148327394,0.0112318353,0.0152448929,0.0051791989,0.0201423504,0.0091216283,0.0191157742,0.0209739247,0.0378752151,-0.0004972497,0.0250607913,0.0221833757,-0.0004563417,0.0089121622,0.0014566661,0.0218756849,0.0158086026,0.0128068214,0.0229355519,0.0099498217,0.0038732971,0.0169774851,0.0165215102,0.0211414487,0.0140604866,0.0076272304,0.0017578898,0.0173262998,0.0369609974,0.0186422774,0.0238336477,0.0169298368,0.0128643021,0.0190466342,0.0151257492,0.0251722491,0.0108359143,0.0197321011,0.0228730399,0.0210398757,0.015407184,0.0458578294,0.0144601807,0.0177699878,0.0045550136,0.0188496481,0.0212263447,0.0154018996,0.0271618963,0.0206469483,0.0155842592,0.0135196391,0.0292997611,-0.0001180142,0.0370713577,0.0490102515,0.0228336505,0.0224028749,0.0151995751,0.013911121,0.0260807561,0.0100878094,0.0167537958,0.0111804239,0.0129410755,0.0071932051,0.0182582034,0.0207234402,0.0146232729,0.0279264104,0.0175130985,0.0034133386,0.0190817541,0.0193872124,0.0179933611,0.0460141086,0.0273546197,0.0241241425,0.0158661552,0.0326567375,0.0221695476,0.0214750889,0.0215243934,0.031268784,0.0163224286,0.0212229389,0.0128987478,0.0244721215,0.0223004734,0.0117730295,0.0234767324,0.014454562,0.0251394489,0.0097102509,0.0191267647,0.01971721,0.0166998975,0.0039035323,0.0224446564,0.0220970692,0.0127542794,0.0111940101,0.0128754967,0.0274783463,0.0470935194,0.0197966894,0.0102741033,0.0191414839,0.0286886647,0.0048426735,0.0170937317,0.018206196,0.0096435138,0.0189510977,0.0344981857,0.0251819413,0.0093726703,0.0282451154,0.0247642695,0.0353799434,0.0188415031,0.0269790252,0.0184556439,0.0204017027,0.017939288,0.0235059209,0.0278165378,0.0129077076,0.0172503985,0.013090842,0.026633689,0.0177041193,0.0186084175,0.0181297274,0.0216150716,0.0149310439,0.0023432753,0.0105399743,0.0193150243,0.0265813302
