SIVB,CBR,ALK,VPG,CPSS,PNR,LYB,RRD,TECD,AUXL,LCI,FFIC,QUAD,GRMN,GHDX,TCB,SCSS,AYR,ED,PRK,TXN,HLIT,WAL,BLX,LTM,BECN,GNRC,NU,STRA,MDVN,RRGB,CRVL,FUL,ELY,HMN,LKQ,MTB,CYTK,ARX,RUSHA,IBM,FMD,NUE,HBI,DOW,BXP,WSO,SGMS,CI,CBM,ACE,MDXG,TEL,PZG,WR,PBCT,AT,WTI,EDE,IBKR,FSGI,OPK,ONNN,RLOC,NWY,NFBK,ELRC,CSWC,AXS,GMO,SWM,EV,WEYS,SGNT,VRSN,FTNT,UAM,ABAX,MLM,THRX,DMRC,EWBC,STBA,JAKK,CNW,STR,GT,TSLA,TPC,USTR,ONE,SUBK,IDCC,EFSC,BCEI,HCC,REX,NI,SQI,QTM,PRO,OFG,FE,TRGP,AGX,LBAI,IDA,HAIN,MYL,SYMC,BEBE,TEN,HEOP,PETM,BG,EXC,ODP,HP,SIAL,PATK,CHD,LH,ROG,ABC,DK,ALJ,RGS,LNN,BREW,CVO,ULTR,SPA,WLL,BMI,MG,VICR,KRO,COHR,PCO
0.290, -0.028,  0.398,  0.006,  0.685,  0.241,  0.339,  0.112,  0.077,  0.185,  0.757,  0.186,  0.173,  0.137,  0.071,  0.153,  0.067,  0.216,  0.067,  0.150,  0.223,  0.102,  0.483,  0.262,  0.066,  0.096,  0.310,  0.171, -0.062,  0.488,  0.340,  0.119,  0.223,  0.109,  0.314,  0.202,  0.186,  0.103, -0.000,  0.141, -0.030, -0.246,  0.096,  0.549,  0.177,  0.122,  0.206,  0.081,  0.291,  0.359,  0.191,  0.744,  0.255, -0.275,  0.168,  0.102, -0.473, -0.329,  0.161,  0.241, -0.062,  0.240,  0.089, -0.218, -0.020,  0.144, -0.003,  0.281,  0.187, -0.577,  0.102,  0.217,  0.079,  0.052,  0.155,  0.130, -0.010,  0.245,  0.142, -0.042,  0.033,  0.242,  0.166, -0.225,  0.183,  0.114,  0.229,  0.693,  0.212,  0.095, -0.486,  0.229,  0.087,  0.100,  0.203,  0.241,  0.344,  0.233, -0.001, -0.079,  0.207,  0.124,  0.018,  0.346,  0.278,  0.147,  0.186,  0.390,  0.313,  0.178, -0.429,  0.199,  0.300,  0.170,  0.162,  0.005,  0.454,  0.047,  0.268,  0.778,  0.203,  0.074,  0.253,  0.303,  0.312,  0.138,  0.013,  0.152,  0.249, -0.170, -0.133,  0.416, -0.134,  0.247, -0.097,  0.131, -0.085,  0.049, -0.225
0,0,0,0,0,0,0,0,0,0,0,0,0,0,0,0,0,0,0,0,0,0,0,0,0,0,0,0,0,0,0,0,0,0,0,0,0,0,0,0,0,0,0,0,0,0,0,0,0,0,0,0,0,0,0,0,0,0,0,0,0,0,0,0,0,0,0,0,0,0,0,0,0,0,0,0,0,0,0,0,0,0,0,0,0,0,0,0,0,0,0,0,0,0,0,0,0,0,0,0,0,0,0,0,0,0,0,0,0,0,0,0,0,0,0,0,0,0,0,0,0,0,0,0,0,0,0,0,0,0,0,0,0,0,0,0,0,0,0
1,1,1,1,1,1,1,1,1,1,1,1,1,1,1,1,1,1,1,1,1,1,1,1,1,1,1,1,1,1,1,1,1,1,1,1,1,1,1,1,1,1,1,1,1,1,1,1,1,1,1,1,1,1,1,1,1,1,1,1,1,1,1,1,1,1,1,1,1,1,1,1,1,1,1,1,1,1,1,1,1,1,1,1,1,1,1,1,1,1,1,1,1,1,1,1,1,1,1,1,1,1,1,1,1,1,1,1,1,1,1,1,1,1,1,1,1,1,1,1,1,1,1,1,1,1,1,1,1,1,1,1,1,1,1,1,1,1,1
0.0623262723,0.0333462943,0.0252434049,0.0256486354,0.0201578208,0.0257735498,0.0319416148,0.0244588081,0.0239148592,0.0246893364,0.0440152889,0.0257555728,0.0292853158,0.0187531864,0.0231331952,0.0374949426,0.0215126462,0.0219209463,0.0030874092,0.0307731382,0.0248516122,0.0313961051,0.0473108823,0.0239232035,0.0213740529,0.0272781267,0.0248368173,0.0078676958,0.0221386696,0.0289795222,0.0246518952,0.025839821,0.0247560938,0.0219104022,0.0257722997,0.0251991351,0.0253923154,0.0400457936,0.025134649,0.030913389,0.01150209,0.0468132427,0.0192804253,0.0197093528,0.0238705909,0.0114884234,0.0208931635,0.0427629925,0.021600001,0.0264051567,0.0162689354,0.019818001,0.0245769568,0.0262277977,0.0094981026,0.0207731079,0.0217831628,0.048757098,0.0122685981,0.0193046626,0.010434136,0.0257070356,0.0286228659,0.032212821,0.0311464303,0.0209678196,0.0312723554,0.0186102878,0.0131420629,0.0349684087,0.0208655628,0.0296064914,0.0297387481,0.0175797197,0.0217190162,0.0271500481,0.024348764,0.0191288941,0.0217235062,0.0274493149,0.0336058561,0.0396213323,0.0358846062,0.0087803175,0.0285195101,0.0132669097,0.0293214408,0.0324000935,0.0365765817,0.0234817296,0.0231555649,0.0304101872,0.02574433,0.0352301354,0.0390866017,0.0169293389,0.031979019,0.0127093749,0.0251288947,0.040367279,0.0324179856,0.0342301697,0.0043136838,0.023695682,0.0263989592,0.0397298826,0.0142232348,0.0203946761,0.0194967067,0.0196839689,0.019507878,0.0389653566,0.0216435474,0.0127300344,0.0124465669,0.0071981252,0.0374403791,0.0305312197,0.0126095473,0.0393838681,0.0109633577,0.0129075856,0.0224171287,0.0112727459,0.0238748878,0.026214891,0.0204753972,0.0212430093,0.026542651,0.0304661876,0.0220832271,0.0215506728,0.0430365745,0.0327634691,0.0222647916,0.038515426,0.0263042573,0.0348999812,0.0385993707
0.0333462943,0.1747671306,0.0249900361,0.0420942801,0.0094832532,0.0319315755,0.0329682223,0.0257887742,0.0323333153,0.0298440944,0.0533534112,0.031059407,0.034570386,0.0241884321,0.0319982917,0.0287884723,0.0252001742,0.029458427,0.00669514,0.030417281,0.0277682462,0.0503775703,0.0362678444,0.031283973,0.0303267367,0.0319820491,0.0397492114,0.0136927274,0.0296038741,0.0239891919,0.0320494858,0.0414865535,0.0361600788,0.0272438616,0.0325657772,0.0240491413,0.0187521611,0.0476334478,0.0331451209,0.0405299471,0.0196094728,0.0632863627,0.022185692,0.0142449304,0.0270983723,0.0154253837,0.0232285735,0.0497724233,0.0175235483,0.0281920039,0.0166930752,0.0200283524,0.0281857362,0.0563338309,0.0151749342,0.015201205,0.036927436,0.0569682509,0.0198746185,0.0232466819,-0.008868853,0.027054441,0.0292439311,0.0347675556,0.03538111,0.0244998499,0.0496721963,0.0284499648,0.0103759672,0.0738255637,0.0253177035,0.031963162,0.0406510008,0.0253040726,0.0188988063,0.0374997828,0.0221911702,0.0284212729,0.0305807272,0.0309150558,0.0480824568,0.0283483436,0.0391030844,0.023724176,0.0331477671,0.0174211847,0.0309806578,0.0327550503,0.0539076193,0.031142428,0.029511602,0.042139852,0.0316120863,0.0382489969,0.0443873879,0.0167335117,0.0360115995,0.0146238779,0.0296898692,0.0563312138,0.0385973196,0.0306217672,0.0091252847,0.0256316802,0.0389537825,0.0541374615,0.0221179592,0.0257581685,0.0231301871,0.0215913683,0.032100511,0.0418117452,0.0240103302,0.0168228905,0.0178884425,0.0075895482,0.0385183678,0.0344054759,0.0190567609,0.0426794785,0.0109599284,0.0133616271,0.032386963,0.0144404688,0.025695352,0.0298963782,0.0289585271,0.0267637705,0.0394625616,0.0505780536,0.0372116862,0.0300231196,0.0412062868,0.044146107,0.0372549084,0.0588530474,0.0287203831,0.0415993224,0.0555310409
0.0252434049,0.0249900361,0.0833173414,0.0207887212,0.0255333965,0.0228228086,0.0219502314,0.0222660463,0.0211907416,0.0160410858,0.0539037035,0.018524856,0.0241924908,0.015129937,0.0213778572,0.0232055005,0.0219517094,0.0231472373,0.0045594469,0.0204249995,0.0208380774,0.0254751536,0.0323923251,0.0190490821,0.0254384038,0.0232127667,0.0254296207,0.0087722594,0.0207927419,0.0308066716,0.024580158,0.0218598006,0.0254581652,0.0132343672,0.0170993168,0.0236392747,0.0162951732,0.0306872296,0.019013151,0.0260964344,0.0082505092,0.0248043892,0.0186738487,0.0216374728,0.0210123684,0.0121006148,0.024111727,0.0370841276,0.0165224788,0.0281904395,0.0149799135,0.0103706126,0.0210221529,0.0159354157,0.0107690016,0.014749105,0.013972959,0.0175018856,0.0106231269,0.0179923025,-0.0048475266,0.028384039,0.0269410031,0.0231877325,0.0199771202,0.0104957165,0.0199628276,0.0155915326,0.0130634657,0.0203975317,0.0173713707,0.0258386976,0.0215852777,0.0115632405,0.0163523867,0.0191254862,0.0178912679,0.0169059657,0.0245804359,0.0217105291,0.0340005175,0.0251403255,0.0254312667,0.0119439552,0.0323661617,0.0132489918,0.0304865714,0.0308144125,0.0333373768,0.020572873,0.0201270885,0.0224494238,0.0260006268,0.0248452101,0.0218784549,0.0147657864,0.0267990818,0.0116033561,0.0185174176,0.031165646,0.0246158274,0.0237241102,0.0065345083,0.0189263648,0.0262379046,0.0275864446,0.0140719584,0.0175120061,0.0233162145,0.0114868732,0.0126092803,0.0329144038,0.0157969619,0.0131457197,0.0112913367,0.0052508434,0.0434686134,0.0166049367,0.0118358974,0.035691774,0.0131712318,0.0086066752,0.0273423907,0.0119370888,0.0187341543,0.0245287283,0.018109235,0.0230892298,0.0227689886,0.031085712,0.0205697892,0.0174412737,0.0175485392,0.028418845,0.0211417756,0.0266472757,0.0188645322,0.0240047818,0.0370769396
0.0256486354,0.0420942801,0.0207887212,0.0881963094,0.020931777,0.0186086826,0.0239631478,0.0177288856,0.0202227936,0.0199514854,0.0353281066,0.0242454727,0.0316770373,0.0153007283,0.0190725544,0.0204906655,0.0199762219,0.0192537585,0.005488492,0.0258118656,0.0194404341,0.036433185,0.0281100103,0.0196402247,0.0121707189,0.0239266028,0.0239621887,0.0088022266,0.0196004904,0.0210617482,0.0196519948,0.0300132928,0.024679809,0.0223462322,0.0239031254,0.0170769597,0.0135734916,0.0282239788,0.030880343,0.024428101,0.0114131366,0.0380407416,0.0199992725,0.0109118063,0.0196050791,0.0097628606,0.0191109241,0.0328789397,0.0101717849,0.0300853187,0.0115493247,0.00635139,0.022548283,0.0516501416,0.0095719108,0.0127732004,0.0345279981,0.0430805678,0.0153910392,0.0147501509,0.0038773957,0.0171057498,0.0253125343,0.0237056956,0.0221225642,0.019090196,0.0392042678,0.0182656767,0.0072945647,0.0500887304,0.0202885423,0.0211537166,0.0323932766,0.0195559323,0.0128630118,0.0225691706,0.0206097315,0.0197435475,0.0169326436,0.020518106,0.0355153701,0.0203839241,0.0313073378,0.0249398308,0.0232319636,0.0125328896,0.0253510537,0.0262184145,0.0338918523,0.0212460617,0.0234225805,0.0324044563,0.0242068604,0.0300093007,0.0297045516,0.0125936824,0.0340458788,0.0112902299,0.0227017134,0.0294471516,0.0381230282,0.0250466725,0.007882698,0.0208791294,0.0247379584,0.0380774765,0.0154674803,0.0144082802,0.0163782372,0.0139796818,0.0300121001,0.0321767812,0.0206697646,0.0073503739,0.0111253881,0.0045787831,0.028854453,0.026977649,0.0098461257,0.0346834513,0.0067754277,0.0108743458,0.0266838502,0.0048106053,0.0193766273,0.0208870205,0.0219150577,0.0171006204,0.0356060389,0.033494665,0.026528865,0.023496279,0.0354653984,0.0364272998,0.0255026945,0.0379514788,0.0237638301,0.031589836,0.0380566591
0.0201578208,0.0094832532,0.0255333965,0.020931777,0.3456951897,0.0230025423,0.030196532,0.0200216643,0.0162180221,0.0115568213,0.0479582701,0.0199580653,0.0402344214,0.0111187481,0.0186970638,0.0200338926,0.0187108408,0.0223706202,0.0051406756,0.0151865404,0.0210912807,0.0298038301,0.0296132505,0.0257780833,0.0164692733,0.0276298823,0.0249261736,0.0078083168,0.0355352047,0.0170011882,0.0198882723,0.0265471461,0.0190099409,0.0205282198,0.0181432276,0.0235571476,0.0170646597,0.0588689977,0.0258846621,0.0298732138,0.0076210203,0.0349188905,0.0149975345,0.02193264,0.0133976413,0.0156297797,0.0234433011,0.0308474252,0.012096634,0.0297145966,0.0187569831,0.0140203808,0.0237237245,0.0380504512,0.0103158967,0.0101748545,0.0305181246,0.0560156787,0.0110279081,0.0185994158,0.002491563,0.0169753783,0.0284301514,0.0296859719,0.0182421233,0.0157018155,0.0210580614,0.0210534221,0.0137424577,0.0390622716,0.0196047487,0.0357509319,0.030574112,0.0260186512,0.0176327407,0.0244504826,0.0255974536,0.0189030848,0.0270477549,0.0253875583,0.0292077128,0.0180835478,0.0213788407,0.0208296636,0.0275423968,0.0158504013,0.0232525292,0.0411696579,0.0391445639,0.0169006596,0.0311009023,0.0266990737,0.0187558375,0.0267591516,0.0635598573,0.0141063883,0.0421669469,0.0116619099,0.0166933799,0.0132679197,0.0363013922,0.0192973194,0.0054548939,0.0323403831,0.0044990195,0.018883351,0.0122816758,0.0209237436,0.0169741756,0.0197535084,0.0326216797,0.0399048639,0.0139808979,0.0156202343,0.0107132242,0.0052134205,0.0340409131,0.0287829546,0.0103557992,0.0323599248,0.0107503839,0.0057324136,0.0278615169,0.0144135158,0.0358258089,0.034170896,0.0165212776,0.0247540041,0.0251086404,0.052639107,0.0211836159,0.0170062552,0.0452719345,0.0327711449,0.0209164257,0.0315290477,0.0358209245,0.0319937886,0.0214848977
0.0257735498,0.0319315755,0.0228228086,0.0186086826,0.0230025423,0.0593192758,0.0327492463,0.0155123274,0.0231609438,0.0132291201,0.032914342,0.0178893577,0.0246141662,0.0178881153,0.0204918592,0.0230617722,0.03237907,0.0179449175,0.0053519916,0.0206076804,0.0215897915,0.0255262892,0.0291320897,0.020231258,0.0183543912,0.0234216433,0.025449922,0.0084712514,0.0148941243,0.0274284444,0.0212961638,0.0190533529,0.0223976006,0.0182703865,0.01793707,0.0215095232,0.017341142,0.0218717355,0.0193184632,0.0282004336,0.0156513246,0.0401108501,0.0214906553,0.0198167499,0.0256557807,0.0135301699,0.0222542541,0.0347011063,0.0158510376,0.0197917327,0.015289381,0.0102263997,0.0237359824,0.0249330236,0.0096816102,0.0156203982,0.0253218469,0.0438586018,0.009292077,0.0160753088,0.0146773974,0.0173645365,0.0250849826,0.0218706775,0.0282744588,0.0136347935,0.022879339,0.013805627,0.0125804893,0.0330738845,0.0189068317,0.0284943946,0.0212117243,0.009444369,0.0190082886,0.0315796372,0.0172819356,0.0177987242,0.0255296377,0.0195214983,0.0263369413,0.0237265697,0.0207062775,0.0132220306,0.0257720633,0.0114639546,0.0267885484,0.0296825034,0.0368481504,0.0169958798,0.015777684,0.0196919113,0.0237258204,0.0222635171,0.0411948626,0.0153967561,0.0316205248,0.0121707144,0.0199084607,0.034985672,0.0305628855,0.0214217709,0.0046454072,0.0228017836,0.0260330317,0.0270901001,0.0133030512,0.016582936,0.0207816187,0.0200629577,0.0229566737,0.0382282625,0.014455838,0.0145019212,0.0118368843,0.0044912709,0.030520085,0.0322649932,0.0135757025,0.0363625276,0.0112983531,0.010542517,0.0253518461,0.0119414069,0.0288187882,0.0290463057,0.018093278,0.0224264354,0.0228676633,0.0283606141,0.0249622793,0.0200380132,0.0398548958,0.0280853085,0.0195555218,0.0304413762,0.0261507762,0.0250798575,0.0315883747
0.0319416148,0.0329682223,0.0219502314,0.0239631478,0.030196532,0.0327492463,0.0923684716,0.0239427419,0.0274062403,0.0184859442,0.0341902378,0.0201209948,0.0297711848,0.0230952408,0.0234031138,0.0281090172,0.0282548419,0.0232411825,0.0049521608,0.0225741102,0.0288245336,0.0373117338,0.0315366465,0.0246183262,0.0260525047,0.0323939447,0.0307036948,0.009820343,0.0281970068,0.0291823331,0.0220210458,0.0245086088,0.030780464,0.0180358685,0.02338533,0.0268604319,0.0208684202,0.0166612241,0.0235923148,0.0412537994,0.0152879786,0.041658758,0.029947228,0.0225561548,0.0471672682,0.0140988549,0.0248210183,0.0479260786,0.0205262479,0.0334775859,0.0184986035,0.0148386408,0.0321987525,0.0505988698,0.0110342358,0.0168278228,0.0282500249,0.0697225247,0.0112176745,0.0188716165,0.0340160964,0.0181394194,0.0349398034,0.0271165275,0.0302910938,0.0169409336,0.0278848765,0.0171375803,0.0136825031,0.0444148518,0.0221737012,0.03317784,0.0238977721,0.0155017818,0.0211112503,0.0284115432,0.0214553462,0.0193585811,0.0359948959,0.032879831,0.0224041073,0.0256393219,0.0226811489,0.0111993244,0.0303219899,0.0131983661,0.0372168044,0.0436328495,0.0458975255,0.0249404481,0.0211287066,0.0266136528,0.029369171,0.022320156,0.0660858192,0.014918158,0.0497602429,0.016683459,0.0209682342,0.039695486,0.0365443105,0.0254571756,0.0078339498,0.0372114278,0.0322336544,0.0307824905,0.0167635817,0.0235481853,0.0256397763,0.0225678387,0.0281570882,0.0536484929,0.0167813473,0.0172071123,0.0159376052,0.0061849899,0.0327297958,0.0518204864,0.0196098873,0.0476795349,0.0092095437,0.0118712766,0.029896827,0.0121390471,0.0435155898,0.0479851353,0.0215526937,0.0258450231,0.0236500962,0.0438057101,0.0315630991,0.0157305874,0.0691762112,0.0344985125,0.0192455218,0.0340169825,0.0376402635,0.0327323134,0.03809454
0.0244588081,0.0257887742,0.0222660463,0.0177288856,0.0200216643,0.0155123274,0.0239427419,0.1152102296,0.0211102883,0.0227589715,0.0361329112,0.0173634682,0.0537126958,0.0167273276,0.0131222284,0.0263048156,0.0261436906,0.0219951689,0.005414889,0.0202680706,0.0194046008,0.0247892152,0.0278312835,0.0228425875,0.0206626737,0.0214901405,0.0255998462,0.0085302493,0.0273569265,0.0144613225,0.0198709245,0.0258574941,0.0201501455,0.0154871158,0.0170452495,0.0251404923,0.0179920313,0.0192923345,0.020384818,0.0282245165,0.0097021476,0.0410392421,0.019228244,0.022031607,0.0219669286,0.0113681698,0.0212366303,0.034121084,0.0126269248,0.0204948135,0.0117489239,0.0126027196,0.0208361332,0.0279498268,0.0097524793,0.0153121321,0.0152715765,0.0433833318,0.0089094122,0.0154126199,0.0011020691,0.0136335839,0.0285131189,0.0225968686,0.0250631497,0.0138394316,0.0268187825,0.0129222202,0.0087507204,0.0351714147,0.0189954932,0.0247455789,0.0221829298,0.0182302623,0.0133326269,0.0205594126,0.0195164656,0.0197088847,0.0223188823,0.0190516716,0.0210205976,0.0244971769,0.0243762418,0.0151093374,0.0157304222,0.0114473092,0.0332575148,0.0208779481,0.0374524148,0.0217720652,0.0108674386,0.0206868831,0.0187577267,0.0268193876,0.0362673394,0.0126403979,0.0306948329,0.0107644851,0.017604315,0.0349915484,0.025358595,0.0208783597,0.0082139052,0.0208074319,0.0237346595,0.0247318619,0.0114275461,0.0145793727,0.0203814845,0.010726896,0.0134633635,0.0363734358,0.0082233507,0.0112069853,0.0214037557,0.0080509589,0.0404694521,0.025746554,0.0119555837,0.0273655123,0.0097712854,0.0105060906,0.0214720858,0.0067027688,0.0183129902,0.0209070567,0.0162878882,0.0159926043,0.018633004,0.0464003967,0.0279020714,0.0162149215,0.0369214632,0.0246945543,0.0225845898,0.0355086445,0.0260390851,0.0260471016,0.0253098607
0.0239148592,0.0323333153,0.0211907416,0.0202227936,0.0162180221,0.0231609438,0.0274062403,0.0211102883,0.0533562785,0.0185633591,0.0278440157,0.0162598018,0.0207471335,0.0151959978,0.0241308022,0.0203860328,0.024255408,0.0188278314,0.0046331252,0.0189841392,0.0234274114,0.0313869624,0.0246162027,0.0174986283,0.0187700062,0.0216481582,0.0204126945,0.007972095,0.017372129,0.0212838113,0.021282425,0.0230240063,0.0230276545,0.0175823307,0.0183530723,0.0215195596,0.0148945547,0.0247654514,0.0250118673,0.0271091781,0.0134144209,0.0402400788,0.0219651208,0.017466383,0.021520365,0.0109800142,0.0191700932,0.0356887791,0.0141463888,0.0187718592,0.0136732551,0.0086863455,0.0251373938,0.0366545818,0.0094892264,0.0122694803,0.0248043233,0.0433599932,0.0103399334,0.0168096446,0.0114613013,0.0160520349,0.0291902206,0.0249148441,0.0230796644,0.011965898,0.0229051726,0.0178579948,0.0105567305,0.0381060627,0.017735461,0.0243825462,0.0212473911,0.0144067818,0.0160902723,0.0284862576,0.0150562643,0.0186199021,0.0219993331,0.0172752927,0.0265354704,0.0210904213,0.0225799331,0.0080386326,0.0286354006,0.0123466075,0.0253722691,0.0286247813,0.0384835442,0.0218086648,0.0163777901,0.0207098026,0.020836301,0.0217698716,0.0335948229,0.0130044416,0.0262988054,0.0107838279,0.0154696897,0.0366258596,0.0308930664,0.0194779482,0.0071799782,0.0172772438,0.0286904495,0.0264054278,0.0123414165,0.0183317199,0.0183522339,0.0187846685,0.0206683825,0.0386568184,0.0131181685,0.010651929,0.0146673658,0.0051502611,0.0309415025,0.0287708588,0.0103896223,0.0329580331,0.0076958155,0.0108617634,0.021189673,0.0107531586,0.0209738604,0.0204105303,0.0194036912,0.0195626015,0.0193487947,0.0348358856,0.0252742492,0.0157537887,0.0352742777,0.0285312648,0.0206591306,0.0285999785,0.0223177525,0.0286657283,0.0346048033
0.0246893364,0.0298440944,0.0160410858,0.0199514854,0.0115568213,0.0132291201,0.0184859442,0.0227589715,0.0185633591,0.2006766017,0.0559371368,0.0239564311,0.0210559566,0.0113971128,0.0321965321,0.0165850801,0.0151955648,0.0151472943,0.0049759674,0.0230105274,0.0213144029,0.0218730014,0.025181981,0.0161862418,0.0165206285,0.0243489337,0.0176017092,0.0089738458,0.0151463188,0.0421584344,0.0149955369,0.025321343,0.0183887964,0.0158438039,0.016989264,0.0175972383,0.0129116088,0.0605743772,0.0138989204,0.0295154794,0.0095526657,0.0403957692,0.0183779613,0.0151283211,0.0152865327,0.0105116792,0.0145541743,0.0306167457,0.0105022481,0.0352708816,0.0123527935,0.0303291001,0.0195160175,0.0375989781,0.0079036031,0.0130491165,0.0071503096,0.0165634367,0.0089804706,0.0197224884,-0.0029696734,0.031655088,0.0261440224,0.0329671201,0.0165774981,0.0182372032,0.0317275971,0.0174009803,0.009458539,0.042109664,0.0154780849,0.0205191633,0.0223949316,0.0208192399,0.0122167803,0.0306094196,0.0192627691,0.0219770724,0.0202553615,0.0366274597,0.0387973088,0.0214044054,0.0223337741,0.0165530848,0.0288114252,0.0082291259,0.0231843324,0.0368408271,0.0304201703,0.0200806182,0.0179293808,0.0267356632,0.021079564,0.0233658711,0.0201494111,0.0098877032,0.0154024444,0.0092467139,0.0324213696,0.0235410229,0.0338005342,0.0196264745,0.0065782935,0.0178203389,0.0242464236,0.0302514355,0.0124556304,0.0155813309,0.0273213551,0.0118807641,0.0138798666,0.0295139938,0.0129308363,0.0108356983,0.0072942536,0.0062320647,0.0307029948,0.0149768058,0.0155680976,0.0248944846,0.0098431359,0.0134284077,0.0224227604,0.0119763576,0.0127744135,0.0123890237,0.0214573593,0.0175612549,0.0316130527,0.0342022403,0.0259942762,0.0190310476,0.019733391,0.0247406537,0.0220209367,0.0359717151,0.0135343882,0.0280723847,0.0285338993
0.0440152889,0.0533534112,0.0539037035,0.0353281066,0.0479582701,0.032914342,0.0341902378,0.0361329112,0.0278440157,0.0559371368,0.2791063984,0.0349301944,0.0373553086,0.0322287351,0.0520336501,0.0333226691,0.030908927,0.029654321,0.0070407247,0.0362677984,0.0338043325,0.0467204274,0.0453270335,0.0331281394,0.0265447536,0.0389320293,0.0523270249,0.0136135415,0.0122290808,0.0688991075,0.0368963655,0.0471670791,0.037033568,0.0344835466,0.0275279361,0.038069149,0.0238679882,0.0772336599,0.0325154059,0.0425250542,0.0142798724,0.0719328919,0.0232565141,0.0306552109,0.0287789954,0.0209831668,0.0328109733,0.0612584482,0.026985661,0.0638128703,0.02348776,0.0337772967,0.0307464995,0.053841878,0.016154793,0.0225765748,0.0307896059,0.0243586701,0.0204045334,0.0299820437,0.0088228223,0.0467308838,0.0373973345,0.0432304678,0.0381272589,0.0279386832,0.0437342268,0.0243928074,0.0165600787,0.0567476854,0.0283468433,0.0372591634,0.043785172,0.0323660623,0.0233272845,0.0385322121,0.0285757773,0.0388558165,0.035877964,0.0638998792,0.0660125799,0.0404904825,0.038988307,0.0213270125,0.0432855364,0.0192723182,0.0327452476,0.0342248067,0.0540794127,0.0279253089,0.0286124425,0.0420375622,0.0399200453,0.0430000582,0.0483983774,0.0209753747,0.0372947504,0.0203346873,0.0533433269,0.0517344847,0.0452860063,0.0388623983,0.0110791075,0.0323825978,0.0342268798,0.0584762803,0.0238782104,0.0392555753,0.0417822031,0.0239974441,0.0358290821,0.0462172459,0.0265120416,0.0171695069,0.0127435485,0.0081450516,0.0679542009,0.0306018208,0.0274241138,0.0504762181,0.0208110247,0.0204299873,0.035039509,0.0256588949,0.0272290785,0.0319833467,0.0322544252,0.0314288083,0.0483883113,0.0581536194,0.0566239454,0.0224951757,0.0326533924,0.0376949037,0.0315718328,0.0689141082,0.0219184974,0.0491572509,0.0483543307
0.0257555728,0.031059407,0.018524856,0.0242454727,0.0199580653,0.0178893577,0.0201209948,0.0173634682,0.0162598018,0.0239564311,0.0349301944,0.0421784924,0.0240367629,0.0123782385,0.0203079339,0.0238044459,0.0159926823,0.0188835134,0.0032065721,0.0257625684,0.0168531278,0.0276309021,0.0329968006,0.0217122081,0.0127659639,0.0220606001,0.0195590025,0.0059181681,0.0216000211,0.0197893627,0.0190784757,0.0273976706,0.0204982126,0.0156668203,0.0206706716,0.0148437767,0.0165209791,0.0228057437,0.0203307962,0.02385316,0.0096597146,0.0369690918,0.0164545626,0.0115922136,0.0149831182,0.0090397131,0.0159788627,0.0302784546,0.011751092,0.0262348919,0.0128412408,0.0110298498,0.0175199705,0.0297203558,0.0074740103,0.0160488277,0.0207692569,0.0326141635,0.0118950075,0.0146367809,0.0049138869,0.0185528843,0.0189127287,0.0290797524,0.0230106207,0.0172125343,0.0328558638,0.0189148571,0.0101645781,0.0375535015,0.0188796527,0.0207766013,0.0272893792,0.0156946889,0.0105404791,0.0209369523,0.0162923722,0.0169973744,0.0174351847,0.0223458905,0.0320163816,0.0237062946,0.0304363647,0.0100978829,0.0217096436,0.0091767635,0.020004115,0.01984219,0.0294693309,0.0212152191,0.021474026,0.0294403141,0.0220158123,0.030191572,0.0237174723,0.0119301863,0.0246985666,0.0077031962,0.0231973149,0.0292384361,0.0273992428,0.0267344788,0.0038177938,0.0161172471,0.0234593909,0.0373529117,0.012552353,0.0147411651,0.0137259916,0.0120782154,0.0156648721,0.0253996865,0.0198281439,0.0065999896,0.0072999417,0.0049005646,0.0297803816,0.0194725534,0.0116612621,0.0230472785,0.007511855,0.0082045135,0.0252485031,0.0096070149,0.0174393878,0.0214795075,0.0159089779,0.0145469636,0.0257027908,0.0302171505,0.025599815,0.020442498,0.0242485263,0.0258542609,0.0220332115,0.0332976458,0.0180187569,0.0280504278,0.0346149146
0.0292853158,0.034570386,0.0241924908,0.0316770373,0.0402344214,0.0246141662,0.0297711848,0.0537126958,0.0207471335,0.0210559566,0.0373553086,0.0240367629,0.1688626619,0.0245809009,0.0261535055,0.0289188446,0.0335037879,0.0288848836,0.0063484143,0.0282020683,0.0226937662,0.0358563085,0.0342745504,0.031881432,0.0206525934,0.0327824423,0.0381997956,0.0090921587,0.0295979478,0.035664286,0.0317523928,0.0276615627,0.0268882683,0.0213787623,0.0242826006,0.0255341185,0.0211004695,0.037792024,0.0120194929,0.0364647047,0.0098952191,0.0387802255,0.0214492747,0.022766157,0.0216460915,0.0128962587,0.0230746025,0.0380041278,0.0161192514,0.0300255351,0.0166577897,0.0101656139,0.0258000724,0.0368054142,0.0114680462,0.0188521527,0.0244839597,0.0611482481,0.014290912,0.0173908888,0.0010158792,0.0231980128,0.0325161408,0.0230897543,0.030155178,0.0201534998,0.0411388123,0.0218563834,0.0131141302,0.0377137975,0.0278942295,0.0313862929,0.0290671698,0.0230159363,0.0142686379,0.028106761,0.0244226096,0.0190365772,0.0246233707,0.0277415615,0.0401672924,0.026926239,0.0307965953,0.0264280402,0.0281838408,0.0156041202,0.0378316257,0.0479236183,0.0455338671,0.0267012202,0.0244780012,0.0275284422,0.0298583579,0.0352678869,0.0369268638,0.0152201752,0.0453683503,0.0133934349,0.0224806113,0.0439885633,0.0333926457,0.0300075857,0.0073839205,0.0215397861,0.0367742466,0.0335015987,0.0159275656,0.0204359749,0.0241020549,0.0154534118,0.028710328,0.0436417394,0.0207424516,0.0117236112,0.0188110092,0.008027381,0.0475743408,0.0347269402,0.0112841959,0.0438759586,0.0096455332,0.0126898616,0.0313958108,0.0130579113,0.0411126544,0.0385771482,0.0202310647,0.0260489316,0.0360637055,0.0263632227,0.0375657918,0.0239004697,0.0359006994,0.0357617836,0.0283632673,0.0412436026,0.0263229509,0.0328934945,0.0430172796
0.0187531864,0.0241884321,0.015129937,0.0153007283,0.0111187481,0.0178881153,0.0230952408,0.0167273276,0.0151959978,0.0113971128,0.0322287351,0.0123782385,0.0245809009,0.0682504915,0.0203414803,0.0136974855,0.0268752398,0.01896866,0.003812605,0.0147665386,0.0210921131,0.0237809247,0.0188560479,0.0155031628,0.0164342901,0.0236982714,0.0174718529,0.0066900437,0.0182763509,0.0224743144,0.018492415,0.0183272417,0.0213687356,0.0192316181,0.016058159,0.0203225908,0.0126622668,0.0262470738,0.016297947,0.0253466916,0.0127677912,0.0299343957,0.0165735371,0.019369859,0.0182869668,0.0122758778,0.0170932135,0.0291873806,0.0137720353,0.020393597,0.0138068285,0.0165131702,0.0220437255,0.0220816685,0.0075153624,0.0106899356,0.0120181616,0.0373635567,0.0088111363,0.0134549298,0.0035253445,0.0179326879,0.0245879887,0.023073432,0.0248653934,0.0080535788,0.0215400259,0.0092859103,0.0070847492,0.0234523099,0.0141275595,0.0220864084,0.016753529,0.0151609716,0.0148047325,0.025920006,0.0122493755,0.0161693041,0.0178357853,0.0231029665,0.0207841486,0.0171149225,0.0176363496,0.0101959353,0.0229132579,0.0102226233,0.0229444384,0.0264152994,0.0302363081,0.0154222143,0.0247783088,0.017329262,0.0229801222,0.0149386291,0.0308890385,0.0110519774,0.0227603497,0.0080180521,0.0248415997,0.0314873332,0.0276825951,0.0182304538,0.0052426169,0.0174492584,0.0216640808,0.0185188993,0.010923973,0.0157930204,0.0204514152,0.0155884217,0.0185354807,0.0299246128,0.0132877055,0.010901283,0.0111225593,0.0043534923,0.0340916122,0.0270421655,0.0118944634,0.0366740873,0.009027478,0.0111736638,0.0233555659,0.0107432983,0.0216656444,0.0277051942,0.0129758594,0.0152504436,0.0252615808,0.0230082501,0.0249151755,0.0135175123,0.0285578876,0.0242021683,0.0120513975,0.0270644375,0.0221197981,0.025260793,0.0260332344
0.0231331952,0.0319982917,0.0213778572,0.0190725544,0.0186970638,0.0204918592,0.0234031138,0.0131222284,0.0241308022,0.0321965321,0.0520336501,0.0203079339,0.0261535055,0.0203414803,0.145489964,0.0188658503,0.0280516753,0.0220731868,0.0046568607,0.022079776,0.0187931863,0.0282226625,0.0287830996,0.0156760955,0.0239399172,0.0307046155,0.0275690655,0.0101444269,0.021383645,0.0569969088,0.0275072703,0.0276191093,0.0215321862,0.021271092,0.0173548026,0.018254316,0.0113487209,0.0551101271,0.0103497263,0.0277189837,0.0109676184,0.0380899277,0.0163295691,0.0147297873,0.0237585371,0.0142353427,0.0220098053,0.0251171399,0.0152256364,0.037267546,0.0132948027,0.014737306,0.0214723096,0.0266024422,0.0098054274,0.0117133264,0.0232512676,0.0365706628,0.012732479,0.0126592165,0.0075877076,0.0251546485,0.0208774968,0.0248682774,0.0298780601,0.0124476647,0.0355930963,0.0219992973,0.0119320269,0.0512166999,0.0116112418,0.0254806463,0.0271670211,0.0025631095,0.0177651552,0.0313833488,0.0230796394,0.0179440047,0.0218906649,0.0409947993,0.0390861849,0.020591447,0.0239524122,0.0098406488,0.0285696957,0.0114535614,0.020549537,0.0243114292,0.0342500701,0.0182988424,0.0284162739,0.0251201559,0.0259525011,0.0222211162,0.0280183515,0.0131811838,0.0296681871,0.0115182314,0.0333568191,0.0422619843,0.028750025,0.0252564491,0.007833934,0.0178316199,0.0254772419,0.0294920184,0.0151191655,0.0258490113,0.0195781944,0.0160326523,0.0179220203,0.0370459295,0.0166325536,0.0107400895,0.0109115013,0.0054540192,0.033596155,0.0206445249,0.0179329902,0.0478322889,0.0083679755,0.0154822593,0.0238139991,0.0134073833,0.0165839598,0.0096679058,0.025103822,0.0210363671,0.0348217385,0.02154435,0.0263317199,0.0108530822,0.0234182809,0.0300827509,0.0137963948,0.032645301,0.0211183164,0.0235554237,0.0451491594
0.0374949426,0.0287884723,0.0232055005,0.0204906655,0.0200338926,0.0230617722,0.0281090172,0.0263048156,0.0203860328,0.0165850801,0.0333226691,0.0238044459,0.0289188446,0.0136974855,0.0188658503,0.0582685512,0.0082720542,0.0209711306,0.0025945581,0.0255018711,0.0223557538,0.0275580109,0.0385277984,0.0224716338,0.0180266964,0.0219908201,0.0220758651,0.0064247285,0.0166060363,0.0206248545,0.0217639447,0.0215568818,0.0196084272,0.0129680452,0.0225346408,0.0213064066,0.0228158541,0.018113837,0.0252530746,0.0266530311,0.0118905498,0.0386621312,0.018681158,0.0160003761,0.0208217787,0.0100547814,0.0190936154,0.0334844679,0.0180452586,0.0236805844,0.0161230857,0.0085715029,0.0228923503,0.0254427722,0.0084893696,0.0198356679,0.0183848026,0.0381766938,0.0108379695,0.0161992537,-0.0003749465,0.0191496547,0.0265591181,0.0229854673,0.0253560948,0.0172891886,0.0242987807,0.015881603,0.0135728432,0.0324985107,0.016995835,0.028433948,0.0250474959,0.0163286724,0.012505224,0.0218644335,0.0203773205,0.0197740382,0.0207251976,0.0200263394,0.0234894331,0.0345669277,0.0300334711,0.0099146467,0.0252009981,0.0104343934,0.0285608953,0.0231780896,0.0322637928,0.0195939235,0.0216647602,0.0266526568,0.0293489767,0.0275075134,0.0305489149,0.0158159251,0.0297891971,0.0098302743,0.0230658978,0.0284608304,0.029554526,0.0312212494,0.0058476291,0.02008487,0.0286610786,0.0327208451,0.0116736269,0.0192905346,0.0199618267,0.012927179,0.0137175188,0.0348370256,0.0154794392,0.0105756517,0.012248996,0.0046721446,0.0328202898,0.0251136428,0.0105183961,0.0361990965,0.0093797055,0.0125532368,0.0216527693,0.0105614316,0.023452973,0.0285966155,0.0154346162,0.0187222016,0.0217819908,0.0313280026,0.02326807,0.0194931741,0.0307260187,0.0296486065,0.0221270493,0.0351179975,0.0198135314,0.0276990816,0.0336122062
0.0215126462,0.0252001742,0.0219517094,0.0199762219,0.0187108408,0.03237907,0.0282548419,0.0261436906,0.024255408,0.0151955648,0.030908927,0.0159926823,0.0335037879,0.0268752398,0.0280516753,0.0082720542,0.2388423153,0.0212676581,0.0026753334,0.022662776,0.0240283384,0.0351980389,0.0223533897,0.0124542194,0.0169606026,0.0356618397,0.0274266445,0.0038493042,0.0259460754,0.0253266969,0.0270146002,0.0192499288,0.0221792491,0.0216057534,0.0185909464,0.0241741159,0.0177258015,0.0529027362,0.0220076168,0.0356747123,0.0181266687,0.0273378847,0.0183478581,0.0209881666,0.0244923681,0.0115299665,0.026060608,0.0390166258,0.0186374706,0.0282880999,0.0090245116,-0.0019983281,0.0224239843,0.0430846982,0.006859938,0.0164447236,0.0286927861,0.0433681691,0.0073383401,0.0215018023,-0.0006783126,0.0237185478,0.0330029501,0.023000653,0.0288919314,0.0106498869,0.0319871724,0.0079564442,0.0080402318,0.0434305823,0.0220155891,0.0228144737,0.0202160958,0.01368144,0.0143148963,0.0389229933,0.0244823155,0.0186234444,0.0262272952,0.0117178548,0.0320150181,0.0155540746,0.0201808483,0.0337842499,0.03213008,0.011932027,0.0348100012,0.0467253464,0.0367144766,0.0171271885,0.0257732987,0.0222759846,0.0321948578,0.0223894979,0.0270791149,0.0117776089,0.0314259551,0.0101430938,0.0291377885,0.0435019603,0.0383240159,0.0246326046,0.000717534,0.0235459664,0.0183649519,0.0223287699,0.0106007494,0.018122587,0.0206325093,0.0231977908,0.0396822073,0.0447054391,0.0136468798,0.0197950591,0.0139378098,0.0011278836,0.0437062758,0.0323466486,0.0104396687,0.0401766098,0.0074194012,0.011198694,0.0240903643,0.0112636687,0.0226964317,0.0319668067,0.0200688842,0.0261238084,0.0349465958,0.0302231705,0.0157035525,0.0231546356,0.0381495622,0.0358857431,0.0249590335,0.018550194,0.0305265814,0.0218739435,0.0264839282
0.0219209463,0.029458427,0.0231472373,0.0192537585,0.0223706202,0.0179449175,0.0232411825,0.0219951689,0.0188278314,0.0151472943,0.029654321,0.0188835134,0.0288848836,0.01896866,0.0220731868,0.0209711306,0.0212676581,0.0581297289,0.00388078,0.0206700144,0.0172528618,0.0248797778,0.0274738002,0.0209427755,0.0169668527,0.0217891179,0.0286058567,0.0081654553,0.0284555733,0.0172634141,0.0189244251,0.0205835831,0.0199620744,0.0164082288,0.0196476914,0.0209427376,0.0143199226,0.0284700359,0.0164183653,0.0283883188,0.0098217155,0.0356712804,0.0162279803,0.0144027226,0.019394961,0.0111107413,0.0205457706,0.0286952484,0.0135334614,0.0246757731,0.0130036658,0.0151253988,0.0208264859,0.0305392514,0.0090305537,0.013553205,0.0165115813,0.035484646,0.0117281745,0.0161262719,0.0020560487,0.0177881063,0.0232998625,0.0211162015,0.0226500308,0.0116314388,0.0282312391,0.0147277572,0.0112818263,0.0336778798,0.0185643193,0.0228712148,0.0235824466,0.0086194806,0.014254114,0.0200224024,0.0170002302,0.0165998947,0.0207076641,0.0209991268,0.034455568,0.0207452452,0.0258162737,0.0170332499,0.0265259082,0.0110936446,0.0263599312,0.0288559242,0.0379840022,0.018964617,0.0261512305,0.0211932787,0.0198425385,0.0222894877,0.0267026437,0.0121007654,0.0281874264,0.0103395403,0.023382277,0.0339321039,0.0286551394,0.022700623,0.0069021412,0.016420902,0.0253713708,0.0283406623,0.0124926021,0.0201944063,0.0151951789,0.012805666,0.0196728301,0.0293555845,0.0177403038,0.0116509909,0.0124971897,0.0067513397,0.0328362235,0.0208611701,0.0092894576,0.0313266235,0.0080476565,0.0097843738,0.0218239703,0.0087092009,0.0302474606,0.0292568285,0.0179903016,0.0189105402,0.0247986793,0.0293459707,0.0255924016,0.0212366301,0.0265892226,0.0284569064,0.0196332591,0.0314820627,0.0197495784,0.0247627661,0.0343873369
0.0030874092,0.00669514,0.0045594469,0.005488492,0.0051406756,0.0053519916,0.0049521608,0.005414889,0.0046331252,0.0049759674,0.0070407247,0.0032065721,0.0063484143,0.003812605,0.0046568607,0.0025945581,0.0026753334,0.00388078,0.0166405004,0.0046764022,0.0036855469,0.0033017755,0.0035169717,0.0050240924,0.0036415899,0.0045758488,0.0042221522,0.0142105009,0.0040543945,0.0069082144,0.0037153186,0.0034255172,0.0048808301,-0.0001153955,0.0054346854,0.0048240261,0.0037978437,-0.0003721641,0.0051590365,0.0052921918,0.0032841855,0.011942746,0.0059367514,0.0042497283,0.0049213226,0.0084401957,0.0050051367,0.0063090566,0.0025307912,0.0032209997,0.0053358955,0.0007680714,0.0042591175,0.0103746108,0.0127485636,0.0036420598,0.0066791957,0.0075251439,0.0122319177,0.0005343608,-0.0038150809,0.0043145374,0.0028778794,0.0041885724,0.0014593879,0.0039674569,0.0053302644,0.0025411394,0.0046671269,0.0122927861,0.0039062004,0.0071941063,0.0055866642,0.0025500226,0.0005414664,0.0046596479,0.0040974809,0.0040689396,0.0049379801,0.0039287743,0.0062265001,0.0030215927,0.0050170495,0.0015848868,0.0048310672,0.0102249257,0.005852149,-6.00402565691E-005,0.0049508723,0.0037697088,0.0023976421,0.0057076206,0.0075364779,0.00506125,0.003517724,0.0051275796,0.0050409847,0.0118167002,0.0076246199,0.003244711,0.004179489,0.00330641,0.0132041055,0.005797921,0.0062447126,0.0058115441,0.013535252,0.0031231496,0.0050559629,0.0041405208,0.0001488538,0.0056098964,0.0025000588,0.0037260468,0.0042122084,0.0130381042,0.0027517514,0.0064198894,0.0039734364,0.0077012906,0.0056659954,0.002839373,0.0045633994,0.0045177349,0.0078933689,0.0051572676,0.0032826082,0.003853795,0.0074565634,0.0065761627,-0.0011480848,0.00230597,0.0038684195,0.0070594347,0.0008703704,0.0053052363,0.0024277498,0.0041654963,0.008803009
0.0307731382,0.030417281,0.0204249995,0.0258118656,0.0151865404,0.0206076804,0.0225741102,0.0202680706,0.0189841392,0.0230105274,0.0362677984,0.0257625684,0.0282020683,0.0147665386,0.022079776,0.0255018711,0.022662776,0.0206700144,0.0046764022,0.0391173509,0.0180796859,0.0285858588,0.0372555232,0.0233081569,0.0174789757,0.0260445705,0.0224262009,0.00772204,0.0216954852,0.0219476222,0.0234790636,0.0282822084,0.0217250745,0.0178249294,0.0214945277,0.017699688,0.0190030324,0.0260236938,0.0196763831,0.0292471679,0.0112581611,0.0397540088,0.016340382,0.0146035471,0.017776659,0.0105434826,0.0201896524,0.0322805585,0.0144705826,0.0259408408,0.0132754313,0.0127256356,0.0195284261,0.035000629,0.0087350984,0.0169971687,0.0202863838,0.0353796237,0.0137432708,0.0142899575,0.0104996467,0.0224444798,0.0191855722,0.0264956999,0.0233121304,0.0202472568,0.0342236602,0.0171599311,0.0104403025,0.0372468213,0.0195301386,0.0237212957,0.0296460041,0.0160222341,0.0133903889,0.0215837686,0.0220004211,0.0216820051,0.0181793311,0.0203375035,0.0368366022,0.0272723256,0.0360785811,0.0121781245,0.0250743933,0.0110642681,0.025463984,0.0244041806,0.0359940106,0.022685209,0.0245603946,0.0320126642,0.0189737241,0.0323344609,0.0278057954,0.0133886951,0.0297556685,0.0096374801,0.0223380846,0.0328126205,0.0290301018,0.0283263091,0.0058224728,0.0180271383,0.0299823852,0.0389109077,0.0144380315,0.0165355637,0.0139221419,0.0152581931,0.0192723254,0.0313565014,0.0184414514,0.009771927,0.0098604702,0.0059418057,0.0301663287,0.0229479899,0.0115254478,0.0346572945,0.0085109949,0.0089336551,0.0253332425,0.0091755208,0.0241209897,0.0225712389,0.0184786527,0.0186357481,0.028521437,0.0284832293,0.0196620989,0.0208808487,0.0278213731,0.0313343071,0.0222753843,0.0370750619,0.0167851566,0.0293306595,0.0369744377
0.0248516122,0.0277682462,0.0208380774,0.0194404341,0.0210912807,0.0215897915,0.0288245336,0.0194046008,0.0234274114,0.0213144029,0.0338043325,0.0168531278,0.0226937662,0.0210921131,0.0187931863,0.0223557538,0.0240283384,0.0172528618,0.0036855469,0.0180796859,0.0469753277,0.0331456165,0.0248044854,0.0186666071,0.0172835591,0.0248283731,0.0222316053,0.0071494503,0.0189093641,0.0188748525,0.0206201403,0.019121113,0.0242954714,0.0170487629,0.0194840035,0.0253281878,0.0166845741,0.0329517746,0.0293252884,0.0272766037,0.0128806386,0.0334178719,0.0218543797,0.0208565929,0.0257677732,0.0116889746,0.0180131528,0.0356126224,0.0170513151,0.0141436308,0.014152955,0.0047674603,0.030060599,0.0259873205,0.007279535,0.0131189674,0.0170301403,0.0378722109,0.0094117512,0.0138733309,0.0096192807,0.0179450271,0.0426944174,0.0285974848,0.0244718505,0.0131948011,0.0240711092,0.0152933031,0.0109016009,0.0329446672,0.0175045932,0.0260763438,0.0213691194,0.0143314861,0.0162230251,0.0320603088,0.0167697511,0.0197307796,0.0214769781,0.0218559443,0.0221036484,0.0218437916,0.023050168,0.0118440554,0.0241526669,0.0102124175,0.0246841463,0.0313075832,0.0305754668,0.0201246599,0.022913409,0.0244602989,0.0319837558,0.0220158963,0.0365835502,0.0134735526,0.029009273,0.0096236655,0.0174597757,0.0352697672,0.0347853281,0.0196336376,0.0057580758,0.0205307185,0.0245282061,0.0241663601,0.0113710379,0.0178219485,0.0192664452,0.0243307082,0.0176408221,0.0384390761,0.0129167689,0.0125344369,0.0141732236,0.0049910685,0.0375545434,0.030751107,0.0154015092,0.0335366987,0.0088290516,0.0116185845,0.027313768,0.0122814065,0.0248609797,0.0303493408,0.0145923529,0.0212030181,0.0204362699,0.0229578201,0.0192188231,0.0146000372,0.0348425449,0.0275528286,0.0142348885,0.0285836024,0.0202584614,0.0281290262,0.0314897953
