ARC,EMCI,TYPE,AIQ,LEA,FRC,WETF,SWY,AAWW,MTRN,GSM,LPLA,MJN,HTGC,SEE,TOL,OFLX,FL,GXP,NSPH,UPS,ACCO,SPLS,VLY,HTZ,SYMC,OMCL,MILL,WWWW,DLX,PRA,WWW,TBI,SYRG,AVNR,SWKS,TEL,ZAGG,EE,PFE,AVEO,DD,UNF,POWR,MYGN,XPO,H,ISSI,FINL,RHI,CBS,QNST,CLF,FLT,LNC,BPI,ACAS,WIBC,MGRC,SMCI,FDS,BBT,SBGI,APC,SWM,MPC,WIFI,FTNT,CINF,OGE,STRA,UVV,WOR,ROP,SYA,IP,CME,IMMR,STBZ,UFPT,EBTC,HAL,GB,BKH,NICK,WRLD
0.243,0.213,0.211,0.408,0.305,0.184,0.322,0.234,0.079,0.108,0.078,0.159,0.131,0.229,0.321,0.164,0.365,0.306,0.132,-0.455,0.164,-0.027,0.116,-0.015,0.246,0.178,0.229,-0.295,0.162,0.358,0.103,0.190,0.146,0.491,0.702,0.492,0.255,-0.031,0.084,0.152,-0.937,0.187,0.249,0.273,0.162,0.415,0.150,0.200,0.090,0.256,0.247,-0.164,-0.708,0.530,0.364,-0.220,0.241,0.340,0.099,0.265,0.170,0.165,0.337,0.023,0.102,0.355,-0.036,0.130,0.215,0.108,-0.062,0.022,0.205,0.197,0.340,0.230,0.255,0.195,0.092,0.169,0.208,0.059,0.264,0.193,0.069,0.025
0,0,0,0,0,0,0,0,0,0,0,0,0,0,0,0,0,0,0,0,0,0,0,0,0,0,0,0,0,0,0,0,0,0,0,0,0,0,0,0,0,0,0,0,0,0,0,0,0,0,0,0,0,0,0,0,0,0,0,0,0,0,0,0,0,0,0,0,0,0,0,0,0,0,0,0,0,0,0,0,0,0,0,0,0,0
1,1,1,1,1,1,1,1,1,1,1,1,1,1,1,1,1,1,1,1,1,1,1,1,1,1,1,1,1,1,1,1,1,1,1,1,1,1,1,1,1,1,1,1,1,1,1,1,1,1,1,1,1,1,1,1,1,1,1,1,1,1,1,1,1,1,1,1,1,1,1,1,1,1,1,1,1,1,1,1,1,1,1,1,1,1
0.2447006412,0.0422947587,0.0466076552,0.0518630471,0.0311304555,0.0266508608,0.0616121786,0.0105905859,0.050398855,0.0584631214,0.04975633,0.0308001268,0.0166061501,0.0310165479,0.0421104924,0.0351404603,0.0436349437,0.0224046275,0.0151428547,0.0370264863,0.0195506022,0.0459101485,0.0199794679,0.0315798096,0.0383140651,0.0248320082,0.043028969,0.0708304303,0.0529738556,0.0477114623,0.0186003272,0.0227704152,0.0476778798,0.0428372546,0.0611919638,0.0455791956,0.0319671196,0.0343855102,0.0162255046,0.0163071475,0.041900681,0.0273088549,0.0314972614,0.0669528825,0.0316526628,0.0266806225,0.035111546,0.0420199002,0.0218206109,0.0413262522,0.0353604497,0.0519494468,0.0402069961,0.0341016864,0.050185158,0.0477569949,0.0282006811,0.0451927162,0.0413859836,0.0414220683,0.027519879,0.0326321779,0.0422128618,0.0308969662,0.0237111953,0.0280875868,0.0257289548,0.0367700123,0.0231843166,0.0161856509,0.0408227411,0.0266321506,0.0501775693,0.0274148882,0.0383438266,0.028868693,0.0243569986,0.0650394715,0.038969754,0.0293236544,0.0566389967,0.0276437476,0.0304097983,0.0272149096,0.0241961582,0.032384866
0.0422947587,0.083214179,0.0272526822,0.0225922919,0.0202091905,0.0166532079,0.0358430358,0.010322138,0.0235945629,0.0290216273,0.0259796308,0.0165685088,0.0121304851,0.014640525,0.021491093,0.0202679851,0.0339144262,0.0156144911,0.0120700065,0.0239183687,0.0117956434,0.0303602265,0.0146341966,0.0195547254,0.025188754,0.0123608123,0.0247888714,0.0232798364,0.032991151,0.024594286,0.012109663,0.016473912,0.0256449472,0.0360115519,0.0291523873,0.0302880137,0.0194926429,0.0138994801,0.0135088198,0.0099755065,0.0101142478,0.0131382542,0.0236782171,0.0389724792,0.0170191551,0.0165660419,0.0163219137,0.0202930566,0.0227514433,0.0217067063,0.0179505842,0.0300556135,0.0203507463,0.0189780228,0.0250614878,0.0232280193,0.0138663757,0.0243537311,0.0234387357,0.0222202784,0.0146828324,0.0162414785,0.0246044443,0.0201692852,0.020630843,0.0147726778,0.0208623213,0.0212008848,0.01567072,0.0114558386,0.0277362156,0.0192209775,0.0282971817,0.0177970297,0.0205815063,0.0166758061,0.01074821,0.0292239423,0.0195085147,0.0194660642,0.0399946225,0.0154155544,0.0206170879,0.0191433624,0.0188889861,0.0170297675
0.0466076552,0.0272526822,0.082911559,0.0266315745,0.0227046654,0.017964497,0.0313783862,0.0119437835,0.0344658273,0.037648404,0.0366970391,0.0218186429,0.0125198691,0.0219558163,0.0276658386,0.0226771098,0.0405536563,0.0207914978,0.0099400424,0.0242011725,0.0144023708,0.0401771218,0.0189280816,0.0205573879,0.0317191882,0.0221019676,0.0296697142,0.0432454624,0.0406846458,0.0302912383,0.0135156433,0.0217249766,0.0309805395,0.044541181,0.0355069255,0.0334274319,0.0248300795,0.0295918968,0.0105656999,0.0098863892,0.0279037324,0.0168630201,0.0244033103,0.0554638435,0.0159208427,0.0284835355,0.0205866821,0.0337753663,0.0277934673,0.0258058507,0.0249746618,0.0337764547,0.0282385768,0.0215629151,0.0337399591,0.0298825122,0.0197392793,0.0315942762,0.0300462173,0.0339397275,0.0178107142,0.017876284,0.0331465987,0.0251866582,0.0221181547,0.0197097545,0.0241426415,0.0351916969,0.0158104159,0.0093598224,0.0242772321,0.0184348129,0.0325962149,0.021256595,0.0228838041,0.0220356239,0.0172949278,0.0365075327,0.0201327687,0.0195853762,0.0375864105,0.02419271,0.0248430673,0.0185504044,0.0180739543,0.0196039845
0.0518630471,0.0225922919,0.0266315745,0.304202104,0.0248693215,0.0147604336,0.0274259064,0.0054612969,0.0271042325,0.0290795191,0.0282150062,0.0201864528,0.0082971436,0.0153318119,0.0194717219,0.0133488854,0.000244719,0.016878099,0.0062937096,-0.0116002362,0.0124679249,0.0128526937,0.0054364782,0.0152871659,0.0315451168,0.0118023474,0.0233552629,0.0417244927,0.0429196176,0.0191345974,0.0106373784,0.0184711136,0.0364615625,0.0218033347,0.0317666774,0.0201252259,0.0223328429,0.0228966113,0.0100888885,0.0055800674,0.0252727691,0.0162015244,0.0165938826,0.025744918,0.0059476912,0.0277704897,0.0218635251,0.0220171474,0.0189627157,0.0275941845,0.0203201019,0.0299712905,0.0380935153,0.0227809504,0.0363457495,0.024530104,0.0139665725,0.0263509511,0.0233685159,0.0129560122,0.0145204564,0.0184022582,0.0410248125,0.014229426,0.0158442694,0.0136315542,0.0151749134,0.0262707933,0.0148456696,0.0057308214,0.020787035,0.0152406449,0.0297164744,0.0177334141,0.0226727371,0.0171568391,0.0166780344,0.0322288639,0.0225926632,0.0232981984,0.0269848979,0.0131833219,0.0201938302,0.0062694244,0.0150826106,0.022065794
0.0311304555,0.0202091905,0.0227046654,0.0248693215,0.0544762784,0.0174832068,0.0347591353,0.0100181276,0.0243142471,0.0384018705,0.0308002498,0.0205368518,0.0147240766,0.0195208458,0.0262034722,0.0251757325,0.0261348457,0.0179369845,0.0084747733,0.0128737679,0.014873347,0.0321239709,0.0202273047,0.0187851726,0.0392407408,0.0191021846,0.0211773048,0.0277771245,0.03651162,0.0258670856,0.0104899464,0.0178838265,0.0290539927,0.0392204932,0.0286988151,0.0352714465,0.027181765,0.0167836479,0.0066917076,0.0104431161,0.0196848202,0.0193167947,0.0203151264,0.0346094543,0.0145541507,0.0271826506,0.0219089364,0.0241200832,0.0227827786,0.0269640435,0.0245800866,0.0242330852,0.0449571727,0.0270119853,0.0366712304,0.0245196896,0.02228292,0.0216813761,0.0215154447,0.0281153878,0.0157768762,0.0189152007,0.0285062717,0.027867453,0.0176931416,0.0251918583,0.0138089068,0.0278916923,0.0161546916,0.0125236229,0.0226581697,0.0151786972,0.0307973136,0.0202533662,0.0222281027,0.0219464125,0.0153289649,0.0273092296,0.0140910237,0.0174268107,0.0274432537,0.0289957052,0.0208432291,0.0145845586,0.014634941,0.0178150114
0.0266508608,0.0166532079,0.017964497,0.0147604336,0.0174832068,0.0438491055,0.0318898527,0.0086790795,0.0145876547,0.0218968315,0.0213422631,0.0159240886,0.0056562977,0.0137001308,0.0171174229,0.0178326855,0.0179187608,0.014090974,0.0076957258,0.0164945953,0.0081479094,0.0275037459,0.0128173531,0.0197505906,0.0221873233,0.0112282937,0.0152176299,0.0310546907,0.0259339656,0.01808631,0.0071777405,0.014793373,0.0175632825,0.0273137289,0.0183200901,0.0229318473,0.0162552353,0.0116418154,0.006037368,0.0066593709,0.0165715621,0.0130630311,0.0138484882,0.0252871284,0.0096025843,0.0111517869,0.0156013437,0.0147719213,0.0167757182,0.0185481402,0.0157404624,0.0116158113,0.0173791702,0.017601064,0.0271261738,0.0151544104,0.015321061,0.0238444283,0.0142502809,0.0192507044,0.0125610409,0.0184023098,0.0191522603,0.0177600845,0.0122489267,0.0152086253,0.0119119058,0.0143351504,0.0122534635,0.009166581,0.0159721902,0.0132288824,0.0210647724,0.0133661585,0.0177947029,0.0127521575,0.0106341943,0.0174383417,0.0154864388,0.0112890604,0.0200040564,0.0161108052,0.0141592202,0.0119415619,0.0082147366,0.0108778615
0.0616121786,0.0358430358,0.0313783862,0.0274259064,0.0347591353,0.0318898527,0.1994524142,0.0143974986,0.0370481418,0.0498007539,0.0496686195,0.0368448243,0.020198153,0.0271372048,0.0404135743,0.0376351338,0.036222627,0.0262419839,0.0176133641,0.0266216652,0.020922189,0.0470890392,0.027302784,0.0317497147,0.051968328,0.0200119231,0.038374446,0.0433729876,0.0422390097,0.0433240854,0.0167909365,0.0302175011,0.0485009192,0.0556781121,0.0337908765,0.0554739983,0.0388128737,0.0381221237,0.019792612,0.0187659531,0.0163029002,0.026761464,0.0318571568,0.0530644161,0.0193440557,0.0384481907,0.0307236963,0.0387680075,0.0301858512,0.039065048,0.0361279231,0.0281253228,0.0421102686,0.0382406771,0.0512967074,0.0459875709,0.0353984898,0.0401543596,0.0330187035,0.0425474943,0.0231501863,0.0305874989,0.0472910355,0.0349812109,0.0306170341,0.0240522401,0.0214247347,0.0376846434,0.0259967554,0.0199319413,0.0385749451,0.0296927105,0.0459642008,0.0306333993,0.0360754986,0.0310821157,0.0275465887,0.0384092106,0.0284233303,0.0300056627,0.0434352797,0.0395877158,0.0332796834,0.0300006819,0.0159721986,0.0279762848
0.0105905859,0.010322138,0.0119437835,0.0054612969,0.0100181276,0.0086790795,0.0143974986,0.0769582581,0.0101657356,0.014041345,0.0104333538,0.0052443635,0.0077914067,0.0078367912,0.0162453493,0.0144122732,0.0125241539,0.0066103905,0.0071848971,0.0008906067,0.0056890337,0.0113450578,0.009451573,0.0132786271,0.0170931129,0.0094439839,0.0111672278,0.017849011,0.0123628294,0.0115687841,0.0048741266,0.0077925428,0.0107803129,0.0104704182,0.0055394661,0.002494382,0.0101747503,0.0095648371,0.0060938645,0.0061864681,0.0144921911,0.0093707587,0.009776407,0.01298591,0.006490759,0.0100169859,0.0137372997,0.0099506811,0.0116906515,0.0117417569,0.0150909299,0.0091045074,0.0097029986,0.0084025632,0.0172310305,0.0088009015,0.0076422161,0.0089629935,0.0089099734,0.0124282411,0.006933216,0.0100461382,0.0183662355,0.0135490049,0.0085624092,0.0147448827,0.0098038725,0.0080588808,0.0093144129,0.0081636629,0.010929502,0.0089529293,0.0135759544,0.0105068677,0.0130191603,0.0146090767,0.0065725506,0.0183693844,0.0118637936,0.0054968565,0.0151388458,0.0152289329,0.0123822458,0.0114812972,0.0098331119,0.0076211195
0.050398855,0.0235945629,0.0344658273,0.0271042325,0.0243142471,0.0145876547,0.0370481418,0.0101657356,0.1495220242,0.041256263,0.0354037836,0.0229618282,0.0086165184,0.0230487857,0.0246873977,0.0290770458,0.025821429,0.0226281029,0.0094982005,0.0238724321,0.018349542,0.0326148941,0.0199828481,0.0191510691,0.0344346811,0.0170011612,0.0239979127,0.0226546808,0.037023749,0.0299620907,0.0117115769,0.0209085542,0.0349967087,0.0398371574,0.0379542696,0.0290322504,0.0248349501,0.0176354076,0.0107146693,0.0132386026,0.0062174998,0.0176515138,0.0216534676,0.0414969976,0.0155748101,0.0326462676,0.0231564488,0.0351415578,0.026755171,0.0295960281,0.0249689841,0.0256088662,0.0298921339,0.0143206321,0.0316190453,0.0290171985,0.0285703964,0.0272036736,0.0235263769,0.0281606508,0.0183161245,0.0228272283,0.0351826971,0.02800623,0.0196062512,0.0240047135,0.0183173348,0.0269127572,0.0200635006,0.0120963752,0.0414030073,0.0165837691,0.031237591,0.0204573452,0.0247676462,0.0222841869,0.017165846,0.0319514639,0.0196406874,0.014022816,0.0361285178,0.0246722038,0.0246692923,0.019196462,0.0231260431,0.0173333646
0.0584631214,0.0290216273,0.037648404,0.0290795191,0.0384018705,0.0218968315,0.0498007539,0.014041345,0.041256263,0.1251126983,0.0576778016,0.0250057801,0.0157801095,0.024308518,0.0353885961,0.0335775202,0.0525311241,0.0207166187,0.0102908908,0.0255553323,0.0184983325,0.0441850585,0.0206219954,0.0238842471,0.0433083894,0.0221818567,0.0301193719,0.0519110751,0.049472141,0.0341133241,0.014520282,0.02373944,0.0426204009,0.0656484159,0.0359490252,0.0422007935,0.0345232066,0.0267832081,0.0108796281,0.0132264635,0.0258622777,0.0256925798,0.0309977439,0.0429046486,0.0194975411,0.0297955395,0.0315562041,0.0394877001,0.0281508267,0.0347856311,0.0318049011,0.0425752627,0.0711313174,0.0320899575,0.0472953152,0.0348912751,0.0262092138,0.0306762409,0.0383316428,0.0402909182,0.0192389548,0.0250218297,0.0356455508,0.041975399,0.0322527912,0.0304576246,0.0255872214,0.0314946237,0.0206465904,0.0164924088,0.0290991676,0.0239646183,0.0557085282,0.0264771749,0.0315674632,0.0307244382,0.0200745552,0.0471293665,0.0277341834,0.0230520199,0.0423407206,0.0418596674,0.0326987194,0.0222560109,0.0218883126,0.0222680293
0.04975633,0.0259796308,0.0366970391,0.0282150062,0.0308002498,0.0213422631,0.0496686195,0.0104333538,0.0354037836,0.0576778016,0.1061127062,0.0263775581,0.0146057246,0.0239924484,0.030544093,0.029244755,0.0372783456,0.0141042086,0.0090611982,0.0286885446,0.0139620075,0.0409672138,0.0253374948,0.0252864074,0.0427578907,0.0202197328,0.0277230733,0.0534972287,0.0463535114,0.0301877393,0.0117368238,0.021584963,0.0357865681,0.0563176721,0.037175586,0.0464181329,0.0307751215,0.0278806234,0.0100916174,0.0105525127,0.0242250173,0.0226233354,0.0238204662,0.0541246343,0.0156440992,0.0264377031,0.0244929997,0.033028354,0.0279225859,0.0265926758,0.0261092981,0.0346713123,0.0660745059,0.029142589,0.0393375113,0.0314100407,0.0269928651,0.030518922,0.0301148347,0.0349762248,0.0210590658,0.0201967263,0.0308273593,0.0344718262,0.0281288621,0.0257509654,0.025257568,0.0372735604,0.0173925417,0.0146439247,0.0307412552,0.0218499376,0.0477123479,0.0215321824,0.0298794651,0.0251973164,0.0176479244,0.0355367691,0.0225767567,0.0195238943,0.0377703858,0.0393747259,0.0236574214,0.0181881529,0.0186025154,0.0226234353
0.0308001268,0.0165685088,0.0218186429,0.0201864528,0.0205368518,0.0159240886,0.0368448243,0.0052443635,0.0229618282,0.0250057801,0.0263775581,0.0567508814,0.0077491953,0.0146290514,0.0195536777,0.0189154365,0.020191118,0.0152120959,0.0074067186,0.0298342579,0.0118133039,0.0260517974,0.0145891068,0.0211921374,0.0316846695,0.0144796212,0.0193718541,0.0278416503,0.0282739877,0.023100454,0.0088251057,0.0135296888,0.0236127447,0.0259922316,0.0268546596,0.0293403553,0.0202471519,0.0223370712,0.0082772587,0.0093200992,0.0207833276,0.0136679846,0.017412135,0.0321447126,0.0144892926,0.022840111,0.0175220068,0.0204682679,0.0185488253,0.020976518,0.0203184245,0.0223316461,0.0112049318,0.0182819979,0.0323439121,0.0164488002,0.0171859661,0.0203375911,0.0196347958,0.0219039669,0.0143063093,0.0201864783,0.0238164711,0.0220709061,0.0163169912,0.0144971218,0.0157718365,0.0207024667,0.0134303172,0.0107729235,0.0199036909,0.0129688986,0.0236981366,0.0169420322,0.019969856,0.0183105157,0.0146334691,0.0249176253,0.0154811933,0.0154972275,0.0249160835,0.0207255636,0.0194402462,0.0156120814,0.0110782446,0.0139649613
0.0166061501,0.0121304851,0.0125198691,0.0082971436,0.0147240766,0.0056562977,0.020198153,0.0077914067,0.0086165184,0.0157801095,0.0146057246,0.0077491953,0.058784847,0.012772625,0.0169698999,0.0153782947,0.0201031333,0.0103205467,0.007739784,0.0111645835,0.0075089885,0.0141768933,0.0084292926,0.0083737664,0.0192253388,0.0095113678,0.0080119625,0.0135536343,0.0162194909,0.0115623286,0.0073895234,0.0125430155,0.0262041663,0.0120292688,0.0142375025,0.0213815749,0.0144266796,0.0126267072,0.0072902552,0.0094775157,0.0151958652,0.0090417461,0.0110025105,0.0101157773,0.0049213849,0.0094956648,0.014020551,0.0020292691,0.0091829082,0.0150027258,0.0134187996,0.0165287623,0.0138270327,0.0142011042,0.0176526993,0.0178792831,0.0113589976,0.0091907594,0.0116835973,0.0177257536,0.0084193105,0.0087977808,0.0150997941,0.0129837655,0.0097739493,0.0102109722,0.008497752,0.0186669111,0.0096182175,0.0085699632,0.0107469644,0.0080070365,0.0149532605,0.0117354455,0.0131814503,0.0133480866,0.006566453,0.0176954799,0.0084329532,0.0145234501,0.0161632222,0.0125533748,0.0113405944,0.0118380934,0.0061292292,0.0124611914
0.0310165479,0.014640525,0.0219558163,0.0153318119,0.0195208458,0.0137001308,0.0271372048,0.0078367912,0.0230487857,0.024308518,0.0239924484,0.0146290514,0.012772625,0.0535494347,0.0177263495,0.0208382827,0.0191839813,0.0122864747,0.0065373289,0.0020480554,0.0096102535,0.02367666,0.0130935453,0.0134001773,0.0256494048,0.0118830292,0.0169098791,0.0254650733,0.0280801115,0.0186887659,0.0087969746,0.0135363887,0.0217801826,0.0206540831,0.0268041883,0.028240902,0.0200721971,0.0172631689,0.0075415094,0.0078039172,0.0208922307,0.0143989289,0.014667123,0.0224551415,0.0128763969,0.0138829802,0.0171633153,0.0192025527,0.0131128326,0.0188132447,0.0156593514,0.0218966661,0.0200486047,0.0174859772,0.0274074324,0.0136309174,0.0197725354,0.0209538973,0.0204609886,0.0233957239,0.0117683174,0.0144197459,0.0198265644,0.0182124849,0.0159032275,0.0149059619,0.014898317,0.0206101447,0.0121752065,0.0088870726,0.0155268131,0.0148925679,0.0233496896,0.0146736425,0.0182914316,0.0164874818,0.0109719349,0.0214552789,0.0140686295,0.0133539235,0.0250302372,0.0195820036,0.0153772233,0.0144854122,0.0125602977,0.0142148074
0.0421104924,0.021491093,0.0276658386,0.0194717219,0.0262034722,0.0171174229,0.0404135743,0.0162453493,0.0246873977,0.0353885961,0.030544093,0.0195536777,0.0169698999,0.0177263495,0.08353957,0.0239301527,0.029272484,0.019287655,0.0117222185,0.0176997709,0.0138023729,0.0273190339,0.0288567911,0.0204261393,0.0326185455,0.0173824743,0.0198269369,0.0211073663,0.0279286676,0.0277968749,0.0123183848,0.0218546041,0.0287942528,0.0337790046,0.0396835506,0.0311017175,0.0280851187,0.0216798366,0.0106679156,0.012219969,0.0494132763,0.0225867214,0.018637419,0.0371466403,0.0207696834,0.0263608321,0.0209587055,0.0228466993,0.0248102948,0.0288071512,0.024212125,0.0246791703,0.0365836655,0.0248093477,0.0313520619,0.0241021705,0.0208453243,0.0241148525,0.0230769037,0.0287100534,0.0209674558,0.0196519278,0.0301997298,0.0295580176,0.0276536891,0.0211588786,0.0114231673,0.0240684417,0.0180092492,0.0119305506,0.0216691191,0.0194786884,0.0329801663,0.0209553875,0.0240171899,0.0289257579,0.0177150785,0.0319538644,0.0151961809,0.0169490442,0.0266086168,0.026575567,0.0213409277,0.0197289956,0.0115275534,0.011366051
0.0351404603,0.0202679851,0.0226771098,0.0133488854,0.0251757325,0.0178326855,0.0376351338,0.0144122732,0.0290770458,0.0335775202,0.029244755,0.0189154365,0.0153782947,0.0208382827,0.0239301527,0.0991050055,0.0254199007,0.0221126563,0.0140860683,0.012371378,0.0133243112,0.021518172,0.016877053,0.019271348,0.0381584361,0.0154436965,0.0148352804,0.0312246029,0.0326417642,0.0285458688,0.0131047767,0.0196551587,0.0350749829,0.03541228,0.0332176365,0.0330191352,0.0221454265,0.0299350636,0.0101456675,0.0123588031,0.0251231133,0.0194925954,0.0212886941,0.0389856638,0.0119381877,0.0201085364,0.0265101583,0.0205143079,0.0289119347,0.0274029219,0.0302526801,0.0208089058,0.0342240777,0.0246075576,0.0313881675,0.0259621816,0.0272755603,0.023079763,0.0194866622,0.0249351004,0.0161725718,0.0215721739,0.0323621945,0.0295351819,0.0163866951,0.026482312,0.0131210009,0.0247747921,0.0192524223,0.0133673554,0.025988512,0.0160380811,0.0345787761,0.0212105226,0.0233411766,0.0265939154,0.0123247878,0.0229880966,0.0134053039,0.012993117,0.0361239923,0.0227788138,0.019895219,0.020031049,0.0150145502,0.0228568874
0.0436349437,0.0339144262,0.0405536563,0.000244719,0.0261348457,0.0179187608,0.036222627,0.0125241539,0.025821429,0.0525311241,0.0372783456,0.020191118,0.0201031333,0.0191839813,0.029272484,0.0254199007,0.2064629647,0.022275222,0.0124925977,0.0259195086,0.0157214305,0.0414310798,0.0280821953,0.0286390615,0.0290731656,0.019119225,0.0297891866,0.0519599222,0.0460083072,0.034077475,0.0149340934,0.0268942017,0.0351207241,0.0516289881,0.0362923604,0.0407505351,0.0258557864,0.0141689904,0.0105831497,0.0124719734,0.0238068374,0.0187686954,0.0262562519,0.0446719035,0.0206077336,0.031557079,0.0260446889,0.0244262205,0.0179048005,0.0315112785,0.0281705731,0.0489813387,0.0498967045,0.022654388,0.0409890453,0.0274160378,0.0228645946,0.0337454753,0.0286872821,0.0443013023,0.0183375073,0.0207101103,0.0346206814,0.0347207276,0.0277487365,0.0257976789,0.0262198319,0.0358425671,0.0168224255,0.0123285966,0.021393769,0.0226719243,0.0373669692,0.0208775671,0.026393078,0.030744184,0.0193961814,0.0462878662,0.0211764436,0.0209704696,0.0468109501,0.0259755044,0.0223060075,0.02297083,0.0239178581,0.0216620802
0.0224046275,0.0156144911,0.0207914978,0.016878099,0.0179369845,0.014090974,0.0262419839,0.0066103905,0.0226281029,0.0207166187,0.0141042086,0.0152120959,0.0103205467,0.0122864747,0.019287655,0.0221126563,0.022275222,0.0585584465,0.0083258355,0.001585876,0.0112729539,0.0205082732,0.0241846862,0.0162528828,0.0281394748,0.0136883349,0.0142890887,0.0289489454,0.0254605693,0.0205791318,0.0098637646,0.0247966289,0.0234147281,0.0179794703,0.0229583839,0.025279335,0.0166763709,0.0216732124,0.006302128,0.008384404,0.009993267,0.0111524517,0.0143300014,0.0199935781,0.0146993828,0.0205791613,0.0165305244,0.0162548861,0.0438932488,0.0226176955,0.0229079523,0.0103426095,0.0087012027,0.0163248326,0.025415676,0.0152717088,0.0168732648,0.0193619467,0.0161348829,0.020122994,0.0135664801,0.0154713764,0.0260078856,0.015556735,0.0150095544,0.0140860891,0.0116896216,0.0212309884,0.0136882637,0.0092857053,0.0147148815,0.0118274711,0.0222809733,0.0164753196,0.0170794304,0.0180718134,0.0122409002,0.0115777146,0.0109944871,0.0127757204,0.0225884124,0.0181761045,0.01640501,0.0126477194,0.0092214232,0.0112381374
0.0151428547,0.0120700065,0.0099400424,0.0062937096,0.0084747733,0.0076957258,0.0176133641,0.0071848971,0.0094982005,0.0102908908,0.0090611982,0.0074067186,0.007739784,0.0065373289,0.0117222185,0.0140860683,0.0124925977,0.0083258355,0.0227838863,0.0045615708,0.0067203688,0.007623596,0.0093162906,0.0089226673,0.0105366119,0.0049476265,0.007741805,0.0061145735,0.0088348476,0.0126078548,0.007646397,0.0074359021,0.0115085161,0.0140124481,0.0091882319,0.012363079,0.009098124,0.0069176407,0.0148116211,0.0067277416,0.0100450728,0.0080366826,0.0101523382,0.0172293389,0.0041805979,0.0056902924,0.009057511,0.0081380778,0.0076843689,0.0112242717,0.0098388097,0.0102787157,0.0105775412,0.0052729269,0.0122464799,0.0096250998,0.0104460722,0.0104705733,0.0095588976,0.0105319662,0.0074496667,0.0095395003,0.0136019694,0.0111693131,0.0078151989,0.0106930572,0.0033729403,0.0091362527,0.0099789382,0.014623794,0.0146679082,0.0111133982,0.0122535323,0.0092109143,0.0108176598,0.0105086548,0.0045368414,0.0115913795,0.00688734,0.0099243881,0.0158637714,0.0089160656,0.0104230714,0.0181447634,0.0052225711,0.0068433731
0.0370264863,0.0239183687,0.0242011725,-0.0116002362,0.0128737679,0.0164945953,0.0266216652,0.0008906067,0.0238724321,0.0255553323,0.0286885446,0.0298342579,0.0111645835,0.0020480554,0.0176997709,0.012371378,0.0259195086,0.001585876,0.0045615708,0.8614370543,0.0073624192,0.0266319788,0.0245961888,0.0203007567,0.0086959647,0.0103782911,0.0143510383,0.0843101257,0.0505606916,0.0251443837,0.0078339528,0.0047570109,0.0339248953,0.0453010235,0.0535715986,0.0090018372,0.0167740188,0.0269100962,0.0016798587,0.0046316883,0.0481015974,0.0169348379,0.0252565328,0.0625559186,0.0347547595,0.0120660439,0.0172614609,0.0217419542,0.0181724634,0.0120813751,0.0167423326,0.0608469511,0.0357333128,0.0136232991,0.0202680891,0.0033531847,0.0208230145,0.0276334032,0.0293026975,0.0101892565,0.0106561901,0.0166638193,0.0450504203,0.0215076885,0.0147857858,0.0058386467,-0.0035364041,0.0190627884,0.0087255534,0.002077207,0.0449108349,0.0253810275,0.0184169634,0.0070665287,0.0106105085,0.0219382104,0.0053659475,0.0717187221,0.0172335833,0.0121325643,0.038376348,0.0058712973,0.0413521875,0.0107599604,0.0135560482,0.0114464744
0.0195506022,0.0117956434,0.0144023708,0.0124679249,0.014873347,0.0081479094,0.020922189,0.0056890337,0.018349542,0.0184983325,0.0139620075,0.0118133039,0.0075089885,0.0096102535,0.0138023729,0.0133243112,0.0157214305,0.0112729539,0.0067203688,0.0073624192,0.019612071,0.0176338136,0.0123949285,0.0092147584,0.0192946223,0.0117044403,0.0117398567,0.008559829,0.0171176461,0.01419993,0.0067618752,0.0102403787,0.0159832807,0.0146322681,0.0137399258,0.0199317495,0.0136500213,0.0099858937,0.0064454399,0.0079014927,0.0087137949,0.0102006091,0.0117113829,0.0154226639,0.0065980475,0.0163133203,0.0121899505,0.0138046221,0.0109963535,0.0157900669,0.0131687051,0.0111269862,0.0174327314,0.012360695,0.0195538345,0.0110723447,0.0118870839,0.013431499,0.0134675963,0.0179362767,0.0107136205,0.0108851972,0.014631833,0.0125218968,0.0109930016,0.0108804584,0.009645994,0.0142376679,0.0100362303,0.0067623499,0.0131160677,0.0094205804,0.0165030018,0.012217517,0.0117848705,0.012700021,0.0089829391,0.014723692,0.0103501082,0.0121658812,0.0162374903,0.0125766324,0.0112977654,0.0098382605,0.0066746804,0.0096673202
0.0459101485,0.0303602265,0.0401771218,0.0128526937,0.0321239709,0.0275037459,0.0470890392,0.0113450578,0.0326148941,0.0441850585,0.0409672138,0.0260517974,0.0141768933,0.02367666,0.0273190339,0.021518172,0.0414310798,0.0205082732,0.007623596,0.0266319788,0.0176338136,0.1638272324,0.0304612043,0.0292360038,0.0441499825,0.0194629538,0.0282296483,0.0600940217,0.0513606061,0.033536014,0.0131829664,0.0225503542,0.0417955326,0.0468138804,0.0414273194,0.0476507164,0.0295280741,0.0277183933,0.0096700254,0.0108217709,0.0320145248,0.0204000665,0.0249125904,0.0447323578,0.0191136742,0.0410464405,0.0221574286,0.0319700731,0.02933675,0.0326245575,0.0265186965,0.0299895113,0.0395622419,0.0222668279,0.0428927411,0.035579241,0.0256439115,0.0365923941,0.0322226421,0.0393385976,0.020614886,0.0253832554,0.0309724693,0.0363639408,0.0214438919,0.0205370266,0.0448642566,0.0384644527,0.0153563224,0.0115051198,0.0242599425,0.0198548748,0.0373442609,0.023748176,0.0296567938,0.0264628183,0.0233436347,0.0434062392,0.0200367844,0.0191867264,0.0359699343,0.0306848367,0.0280008516,0.0169077108,0.0154513078,0.0169589592
0.0199794679,0.0146341966,0.0189280816,0.0054364782,0.0202273047,0.0128173531,0.027302784,0.009451573,0.0199828481,0.0206219954,0.0253374948,0.0145891068,0.0084292926,0.0130935453,0.0288567911,0.016877053,0.0280821953,0.0241846862,0.0093162906,0.0245961888,0.0123949285,0.0304612043,0.1125981195,0.0163291123,0.0272364186,0.011908887,0.0143249561,0.0159081091,0.0305585511,0.0217388412,0.011580161,0.0182719982,0.0221782809,0.0254168168,0.0300481873,0.0304362757,0.0190247422,0.0243758671,0.0069335341,0.0094797315,0.0082101615,0.014556845,0.0142999105,0.0145207935,0.0095721789,0.0185873305,0.0153466589,0.018695013,0.0295602509,0.025487844,0.0225219066,0.02069109,0.0369842554,0.0147796418,0.0279254442,0.0236871911,0.0163245291,0.0203715945,0.0173086562,0.0277772884,0.0177121209,0.0146184405,0.026586188,0.0227986191,0.018065953,0.0123491275,0.0183391063,0.0165587971,0.0123821238,0.007323467,0.0183437207,0.012778822,0.0257485155,0.0163594212,0.0173948309,0.0205529035,0.0133833284,0.0308762823,0.0113218091,0.0137015359,0.0249104712,0.0219884041,0.0155609247,0.013163523,0.0135605161,0.0174347553
0.0315798096,0.0195547254,0.0205573879,0.0152871659,0.0187851726,0.0197505906,0.0317497147,0.0132786271,0.0191510691,0.0238842471,0.0252864074,0.0211921374,0.0083737664,0.0134001773,0.0204261393,0.019271348,0.0286390615,0.0162528828,0.0089226673,0.0203007567,0.0092147584,0.0292360038,0.0163291123,0.0416556816,0.0266080511,0.0165708963,0.0186700677,0.024490913,0.0331837205,0.0212117512,0.0099069169,0.0167694945,0.0264186005,0.0284397494,0.0240798586,0.0265313911,0.0159988475,0.0151266548,0.0072868656,0.0069439641,0.0173533957,0.0122217506,0.0185491651,0.0335182356,0.0135662425,0.0184763129,0.0173155511,0.0215821081,0.0186676979,0.0237991244,0.0174246523,0.0218589321,0.0200421226,0.0165531671,0.0312173446,0.0224009509,0.0160877354,0.0279667069,0.0201337858,0.0252726977,0.0148067351,0.0221992718,0.0231683931,0.0207245269,0.0145663043,0.0170767189,0.0118382464,0.0162908866,0.0133190159,0.0106331896,0.0214301158,0.0163468731,0.0260549789,0.0150386722,0.0214957558,0.0162231799,0.0118307663,0.0244901616,0.0210216548,0.012511697,0.028133959,0.0172251731,0.0168063382,0.0158156958,0.0124187536,0.0124513412
0.0383140651,0.025188754,0.0317191882,0.0315451168,0.0392407408,0.0221873233,0.051968328,0.0170931129,0.0344346811,0.0433083894,0.0427578907,0.0316846695,0.0192253388,0.0256494048,0.0326185455,0.0381584361,0.0290731656,0.0281394748,0.0105366119,0.0086959647,0.0192946223,0.0441499825,0.0272364186,0.0266080511,0.1426153988,0.0222065849,0.0280292984,0.0539754373,0.048984246,0.0312768782,0.0146228357,0.0244639382,0.0471171611,0.0634328329,0.0345223207,0.0520386942,0.0345687161,0.0299820314,0.0106491843,0.0130650719,0.0396486753,0.0241639322,0.0274383368,0.0589584058,0.0276648782,0.0327436254,0.0377861038,0.0356875811,0.0316572842,0.0342398136,0.0383883351,0.027477388,0.0433444323,0.0398355975,0.0471093742,0.0434014576,0.0348883064,0.0292432834,0.0321097127,0.0358737695,0.0207166118,0.0254420235,0.0489414721,0.0426771723,0.0249849319,0.0364826056,0.0168714882,0.0391399025,0.0194611536,0.0163648431,0.0251681492,0.0203165015,0.0387151837,0.0282978423,0.0308926146,0.0332464894,0.0210496621,0.0411336572,0.0198540676,0.0166588848,0.040143141,0.0416024357,0.0278582833,0.0217933917,0.0213378006,0.0153460283
0.0248320082,0.0123608123,0.0221019676,0.0118023474,0.0191021846,0.0112282937,0.0200119231,0.0094439839,0.0170011612,0.0221818567,0.0202197328,0.0144796212,0.0095113678,0.0118830292,0.0173824743,0.0154436965,0.019119225,0.0136883349,0.0049476265,0.0103782911,0.0117044403,0.0194629538,0.011908887,0.0165708963,0.0222065849,0.0719606571,0.0190691799,0.0211785136,0.0248446089,0.0180552845,0.0084393731,0.0175493502,0.0188756087,0.017958667,0.0104289152,0.0336827992,0.02047314,0.0115959851,0.0049378749,0.0070985319,0.0114865282,0.0119824104,0.0144005643,0.0256975832,0.0135454603,0.0152470869,0.0175336957,0.0249024546,0.0158797575,0.0186545588,0.0188872508,0.0164644513,0.0190558119,0.0152769933,0.027728465,0.0192330483,0.0156436359,0.0219596446,0.0148257117,0.0238804937,0.0139934784,0.0143337903,0.0175437921,0.0187389398,0.0125279718,0.0197508888,0.0081894981,0.0330650631,0.0120914725,0.0079145216,0.0164486451,0.0104730711,0.0205254785,0.0167511831,0.0176435041,0.0176787339,0.0100408033,0.0195289335,0.0126898488,0.0100815129,0.017647124,0.0163913877,0.0161226662,0.0121449586,0.0108934229,0.0137840788
0.043028969,0.0247888714,0.0296697142,0.0233552629,0.0211773048,0.0152176299,0.038374446,0.0111672278,0.0239979127,0.0301193719,0.0277230733,0.0193718541,0.0080119625,0.0169098791,0.0198269369,0.0148352804,0.0297891866,0.0142890887,0.007741805,0.0143510383,0.0117398567,0.0282296483,0.0143249561,0.0186700677,0.0280292984,0.0190691799,0.0792336099,0.0373377277,0.0369680038,0.0272017878,0.0104444224,0.0185049137,0.0247082937,0.0342983706,0.0276295962,0.0296565278,0.0220341733,0.0167420525,0.0093088027,0.008831479,0.0020139931,0.0139291218,0.0222524898,0.0375815199,0.0227830708,0.0213871111,0.018317109,0.0274681648,0.0199826816,0.0236286461,0.0210549311,0.0246834152,0.0232890071,0.0208029528,0.029989831,0.0189973002,0.0160491247,0.0237382751,0.0232826369,0.0287902467,0.0168012872,0.0169511344,0.0235845929,0.016937345,0.0204995436,0.0138100156,0.0163397932,0.0302151741,0.0143414711,0.0114447922,0.0233497128,0.0185242379,0.025574744,0.0174174812,0.0189728646,0.0195022085,0.0140456671,0.0347230718,0.0180566429,0.0170802582,0.0259740241,0.0148489573,0.0202075902,0.0170795442,0.0143076745,0.0204024286
0.0708304303,0.0232798364,0.0432454624,0.0417244927,0.0277771245,0.0310546907,0.0433729876,0.017849011,0.0226546808,0.0519110751,0.0534972287,0.0278416503,0.0135536343,0.0254650733,0.0211073663,0.0312246029,0.0519599222,0.0289489454,0.0061145735,0.0843101257,0.008559829,0.0600940217,0.0159081091,0.024490913,0.0539754373,0.0211785136,0.0373377277,0.4089094951,0.0613808395,0.0380191454,0.0081499537,0.0266239788,0.0426996696,0.108361686,0.0590588287,0.0436797887,0.0263788776,0.0230754936,0.0112921536,0.0041395399,0.0486171316,0.019619903,0.0350422437,0.0731751113,0.0249100238,0.0352756899,0.0282627452,0.0259299634,0.0337191949,0.0332536473,0.0312493111,0.0533180715,0.0459783143,0.042110279,0.0385297719,0.0310172761,0.0285032966,0.0336955831,0.0433357946,0.0504157752,0.0205782902,0.0211729066,0.0481505787,0.0565520682,0.0290650191,0.0385483298,0.0239059265,0.0367330988,0.0151886604,0.0180301595,0.0281199762,0.0218337901,0.0396906989,0.0288889179,0.0299948042,0.028224275,0.0172705099,0.0624742795,0.0180590174,0.0179067939,0.0489386992,0.0626120877,0.0322080322,0.0225094651,0.0224375331,0.0188062382
0.0529738556,0.032991151,0.0406846458,0.0429196176,0.03651162,0.0259339656,0.0422390097,0.0123628294,0.037023749,0.049472141,0.0463535114,0.0282739877,0.0162194909,0.0280801115,0.0279286676,0.0326417642,0.0460083072,0.0254605693,0.0088348476,0.0505606916,0.0171176461,0.0513606061,0.0305585511,0.0331837205,0.048984246,0.0248446089,0.0369680038,0.0613808395,0.243559384,0.0365875287,0.0219043366,0.0266264841,0.0486289183,0.0690983554,0.0528600691,0.050757032,0.0343619899,0.0255980353,0.0097677839,0.0115707507,0.0416440989,0.0239157322,0.0276306858,0.0554067871,0.0182844772,0.0349389135,0.031515005,0.0358531419,0.0323923227,0.0361095983,0.0362639506,0.049822347,0.0636623181,0.0417416151,0.0516976773,0.0439345101,0.0201669428,0.0415661482,0.033353185,0.0490491134,0.0220280055,0.0265512259,0.0496902285,0.0319376624,0.0239838567,0.0244646697,0.0291179584,0.0450056797,0.0199268857,0.0142154114,0.029960067,0.0236278481,0.0379276025,0.028660631,0.0354869904,0.0284797632,0.0218372387,0.0718047921,0.0282393056,0.0253656495,0.0468180086,0.0331374056,0.034859995,0.0239513165,0.0260623011,0.023900386
0.0477114623,0.024594286,0.0302912383,0.0191345974,0.0258670856,0.01808631,0.0433240854,0.0115687841,0.0299620907,0.0341133241,0.0301877393,0.023100454,0.0115623286,0.0186887659,0.0277968749,0.0285458688,0.034077475,0.0205791318,0.0126078548,0.0251443837,0.01419993,0.033536014,0.0217388412,0.0212117512,0.0312768782,0.0180552845,0.0272017878,0.0380191454,0.0365875287,0.0624200262,0.0126599515,0.0209125268,0.0316461989,0.035423859,0.0378511727,0.0325376134,0.0240336778,0.0326647671,0.0117588991,0.0118167158,0.0252963276,0.0169686797,0.0236334786,0.0364632053,0.0183450846,0.0233891817,0.023258008,0.0264577841,0.0252468857,0.0290649265,0.0261851596,0.0261732673,0.0215822948,0.0236383263,0.0345063874,0.0254402083,0.0219294244,0.0294287499,0.029572293,0.0293399062,0.0173340588,0.020121354,0.0286406294,0.0258991543,0.0212964762,0.0237836637,0.0165880903,0.0272783573,0.0190698027,0.014802044,0.0206810322,0.0202366549,0.0331061896,0.0221913742,0.0249044495,0.0246581895,0.0154307876,0.0333710951,0.0193634238,0.0182268864,0.0343270479,0.0233818074,0.0268442528,0.0212369295,0.0164699533,0.020059222
0.0186003272,0.012109663,0.0135156433,0.0106373784,0.0104899464,0.0071777405,0.0167909365,0.0048741266,0.0117115769,0.014520282,0.0117368238,0.0088251057,0.0073895234,0.0087969746,0.0123183848,0.0131047767,0.0149340934,0.0098637646,0.007646397,0.0078339528,0.0067618752,0.0131829664,0.011580161,0.0099069169,0.0146228357,0.0084393731,0.0104444224,0.0081499537,0.0219043366,0.0126599515,0.0215672245,0.009356595,0.0154818442,0.0146213705,0.0139990638,0.0131905298,0.0110470827,0.0101935689,0.0075771629,0.0056208497,0.0107119479,0.0084540368,0.0105822266,0.0180243876,0.0073802147,0.0081952325,0.009197797,0.0107617803,0.0115433282,0.0120115672,0.0107384552,0.0107248469,0.0142013079,0.0076932844,0.0162648213,0.0140558964,0.010135179,0.0123614794,0.0107296731,0.0138081115,0.0090686997,0.010323942,0.0132954642,0.0119818642,0.0093433774,0.0103383771,0.007353734,0.0099771446,0.0105459571,0.0073870955,0.0101660449,0.0099636273,0.014447539,0.0088225847,0.0140997384,0.0100314081,0.0078558299,0.0096506889,0.0095309264,0.0081847136,0.0165377129,0.0090980251,0.0096906634,0.0106948071,0.0081894169,0.0115782404
0.0227704152,0.016473912,0.0217249766,0.0184711136,0.0178838265,0.014793373,0.0302175011,0.0077925428,0.0209085542,0.02373944,0.021584963,0.0135296888,0.0125430155,0.0135363887,0.0218546041,0.0196551587,0.0268942017,0.0247966289,0.0074359021,0.0047570109,0.0102403787,0.0225503542,0.0182719982,0.0167694945,0.0244639382,0.0175493502,0.0185049137,0.0266239788,0.0266264841,0.0209125268,0.009356595,0.0657461295,0.0213638793,0.0177111599,0.0233382885,0.0276803497,0.0186365903,0.0203559199,0.0076859128,0.006643882,0.0134036383,0.0116101934,0.0161275002,0.0258441454,0.0095247926,0.0200810213,0.0165906579,0.0206651367,0.0313182597,0.0211025113,0.0215043879,0.0241932371,0.0197089666,0.0174808182,0.0258838162,0.0177708387,0.0186536514,0.0186967581,0.0183308379,0.0152196725,0.0157870916,0.0146067059,0.0234029228,0.0143152831,0.0156158418,0.0168799908,0.0095290164,0.0227126552,0.0130435203,0.0079538818,0.0153409933,0.0160077273,0.0236918765,0.0159752302,0.0193247603,0.0158619469,0.011756264,0.0198200085,0.0145668864,0.0131658527,0.0271798351,0.0162997371,0.0180797416,0.0138905363,0.014381332,0.0118175562
0.0476778798,0.0256449472,0.0309805395,0.0364615625,0.0290539927,0.0175632825,0.0485009192,0.0107803129,0.0349967087,0.0426204009,0.0357865681,0.0236127447,0.0262041663,0.0217801826,0.0287942528,0.0350749829,0.0351207241,0.0234147281,0.0115085161,0.0339248953,0.0159832807,0.0417955326,0.0221782809,0.0264186005,0.0471171611,0.0188756087,0.0247082937,0.0426996696,0.0486289183,0.0316461989,0.0154818442,0.0213638793,0.0984884654,0.0379373965,0.0353403796,0.0372284062,0.0297221356,0.0281596853,0.0132104338,0.0121311309,0.0277833686,0.0208017583,0.0295430444,0.0400770557,0.0185385076,0.0253703503,0.0287318614,0.0318503112,0.0283943606,0.0385201701,0.0294070012,0.0312671797,0.0552730961,0.0305314136,0.0392055552,0.0411713132,0.0270113543,0.0349402059,0.0336347582,0.0349578599,0.0215716318,0.0242862448,0.0421194931,0.0292768533,0.0233664587,0.0246420758,0.0184274711,0.0295884235,0.0175393971,0.0144963841,0.0341854408,0.0222330244,0.0403814785,0.0220899882,0.0336340836,0.0277483575,0.0174641782,0.0455511469,0.0236820407,0.0225853171,0.0422815908,0.0266866918,0.0306779655,0.0217184917,0.0147676379,0.0265263307
0.0428372546,0.0360115519,0.044541181,0.0218033347,0.0392204932,0.0273137289,0.0556781121,0.0104704182,0.0398371574,0.0656484159,0.0563176721,0.0259922316,0.0120292688,0.0206540831,0.0337790046,0.03541228,0.0516289881,0.0179794703,0.0140124481,0.0453010235,0.0146322681,0.0468138804,0.0254168168,0.0284397494,0.0634328329,0.017958667,0.0342983706,0.108361686,0.0690983554,0.035423859,0.0146213705,0.0177111599,0.0379373965,0.2830767734,0.0423550411,0.0517230819,0.0337478667,0.0258503778,0.0149526431,0.0137671936,0.0276909023,0.0260838301,0.0330150642,0.0791908956,0.0096845934,0.0295974235,0.0287531167,0.0371449069,0.0217369438,0.0337671392,0.042120197,0.0418311906,0.0621157948,0.0432498799,0.0479679984,0.038722823,0.0282394554,0.0377369377,0.038942946,0.0436759142,0.0206660186,0.0239167859,0.0526208008,0.0735902071,0.038929131,0.0399284688,0.02630825,0.037500872,0.0215456404,0.0181574141,0.0335890307,0.0275119967,0.0465412543,0.0277602582,0.0253671489,0.0350537108,0.0175427461,0.0492374341,0.0204532447,0.0173671196,0.0373151266,0.0644791221,0.0318239012,0.0255524221,0.0234347889,0.0248774766
